from,to,from_id,to_id,outflow 17-24,outflow 24-may1,above normal_0,outflow 17-24,outflow 24-may1,above normal_5,outflow 17-24,outflow 24-may1,above normal_10,outflow 17-24,outflow 24-may1,above normal_15,outflow 17-24,outflow 24-may1,above normal_20
Achham,Achham,0,0,0,0,0,0,0,0,0,0,0,0,0,0,0,0,0
Achham,Arghakhanchi,0,1,3,4,1,3,4,1,3,4,1,3,4,1,3,4,1
Achham,Baglung,0,2,1,2,1,1,2,1,1,2,1,1,2,1,1,2,1
Achham,Baitadi,0,3,6,17,11,6,17,11,6,17,11,6,17,11,6,17,11
Achham,Bajhang,0,4,0,2,2,0,2,2,0,2,2,0,2,2,0,2,2
Achham,Bajura,0,5,2,17,15,2,17,15,2,17,15,2,17,15,2,17,15
Achham,Banke,0,6,77,191,114,77,191,114,77,191,114,77,191,114,77,191,114
Achham,Bara,0,7,2,6,4,2,6,4,2,6,4,2,6,4,2,6,4
Achham,Bardiya,0,8,83,161,78,83,161,78,83,161,78,83,161,78,83,161,78
Achham,Bhaktapur,0,9,0,0,0,0,0,0,0,0,0,0,0,0,0,0,0
Achham,Bhojpur,0,10,2,2,0,2,2,0,2,2,0,2,2,0,2,2,0
Achham,Chitawan,0,11,7,25,18,7,25,18,7,25,18,7,25,18,7,25,18
Achham,Dadeldhura,0,12,29,49,20,29,49,20,29,49,20,29,49,20,29,49,20
Achham,Dailekh,0,13,154,247,93,154,247,93,154,247,93,154,247,93,115,193,78
Achham,Dang,0,14,17,36,19,17,36,19,17,36,19,17,36,19,17,36,19
Achham,Darchula,0,15,2,5,3,2,5,3,2,5,3,2,5,3,2,5,3
Achham,Dhading,0,16,4,6,2,4,6,2,4,6,2,4,6,2,4,6,2
Achham,Dhankuta,0,17,2,8,6,2,8,6,2,8,6,2,8,6,2,8,6
Achham,Dhanusha,0,18,6,14,8,6,14,8,6,14,8,6,14,8,6,14,8
Achham,Dolakha,0,19,3,0,-3,3,0,-3,3,0,-3,3,0,-3,3,0,-3
Achham,Dolpa,0,20,0,0,0,0,0,0,0,0,0,0,0,0,0,0,0
Achham,Doti,0,21,350,516,166,350,516,166,350,516,166,208,299,91,153,206,53
Achham,Gorkha,0,22,2,14,12,2,14,12,2,14,12,2,14,12,2,14,12
Achham,Gulmi,0,23,0,4,4,0,4,4,0,4,4,0,4,4,0,4,4
Achham,Humla,0,24,0,0,0,0,0,0,0,0,0,0,0,0,0,0,0
Achham,Ilam,0,25,2,6,4,2,6,4,2,6,4,2,6,4,2,6,4
Achham,Jajarkot,0,26,0,2,2,0,2,2,0,2,2,0,2,2,0,2,2
Achham,Jhapa,0,27,3,15,12,3,15,12,3,15,12,3,15,12,3,15,12
Achham,Jumla,0,28,0,3,3,0,3,3,0,3,3,0,3,3,0,3,3
Achham,Kabhrepalanchok,0,29,2,5,3,2,5,3,2,5,3,2,5,3,2,5,3
Achham,Kailali,0,30,925,1753,828,925,1753,828,925,1753,828,925,1753,828,925,1753,828
Achham,Kalikot,0,31,82,116,34,82,116,34,82,116,34,82,116,34,35,39,4
Achham,Kanchanpur,0,32,118,254,136,118,254,136,118,254,136,118,254,136,118,254,136
Achham,Kapilbastu,0,33,5,15,10,5,15,10,5,15,10,5,15,10,5,15,10
Achham,Kaski,0,34,8,22,14,8,22,14,8,22,14,8,22,14,8,22,14
Achham,Kathmandu,0,35,157,210,53,157,210,53,157,210,53,157,210,53,157,210,53
Achham,Khotang,0,36,0,1,1,0,1,1,0,1,1,0,1,1,0,1,1
Achham,Lalitpur,0,37,0,0,0,0,0,0,0,0,0,0,0,0,0,0,0
Achham,Lamjung,0,38,1,7,6,1,7,6,1,7,6,1,7,6,1,7,6
Achham,Mahottari,0,39,3,10,7,3,10,7,3,10,7,3,10,7,3,10,7
Achham,Makawanpur,0,40,5,7,2,5,7,2,5,7,2,5,7,2,5,7,2
Achham,Manang,0,41,0,0,0,0,0,0,0,0,0,0,0,0,0,0,0
Achham,Morang,0,42,4,17,13,4,17,13,4,17,13,4,17,13,4,17,13
Achham,Mugu,0,43,0,0,0,0,0,0,0,0,0,0,0,0,0,0,0
Achham,Mustang,0,44,0,0,0,0,0,0,0,0,0,0,0,0,0,0,0
Achham,Myagdi,0,45,0,0,0,0,0,0,0,0,0,0,0,0,0,0,0
Achham,Nawalparasi,0,46,12,23,11,12,23,11,12,23,11,12,23,11,12,23,11
Achham,Nuwakot,0,47,3,4,1,3,4,1,3,4,1,3,4,1,3,4,1
Achham,Okhaldhunga,0,48,2,2,0,2,2,0,2,2,0,2,2,0,2,2,0
Achham,Palpa,0,49,2,8,6,2,8,6,2,8,6,2,8,6,2,8,6
Achham,Panchthar,0,50,0,3,3,0,3,3,0,3,3,0,3,3,0,3,3
Achham,Parbat,0,51,3,2,-1,3,2,-1,3,2,-1,3,2,-1,3,2,-1
Achham,Parsa,0,52,7,4,-3,7,4,-3,7,4,-3,7,4,-3,7,4,-3
Achham,Pyuthan,0,53,3,3,0,3,3,0,3,3,0,3,3,0,3,3,0
Achham,Ramechhap,0,54,1,0,-1,1,0,-1,1,0,-1,1,0,-1,1,0,-1
Achham,Rasuwa,0,55,0,1,1,0,1,1,0,1,1,0,1,1,0,1,1
Achham,Rautahat,0,56,1,3,2,1,3,2,1,3,2,1,3,2,1,3,2
Achham,Rolpa,0,57,1,7,6,1,7,6,1,7,6,1,7,6,1,7,6
Achham,Rukum,0,58,1,6,5,1,6,5,1,6,5,1,6,5,1,6,5
Achham,Rupandehi,0,59,11,21,10,11,21,10,11,21,10,11,21,10,11,21,10
Achham,Salyan,0,60,2,9,7,2,9,7,2,9,7,2,9,7,2,9,7
Achham,Sankhuwasabha,0,61,2,5,3,2,5,3,2,5,3,2,5,3,2,5,3
Achham,Saptari,0,62,5,12,7,5,12,7,5,12,7,5,12,7,5,12,7
Achham,Sarlahi,0,63,4,12,8,4,12,8,4,12,8,4,12,8,4,12,8
Achham,Sindhuli,0,64,5,6,1,5,6,1,5,6,1,5,6,1,5,6,1
Achham,Sindhupalchok,0,65,0,2,2,0,2,2,0,2,2,0,2,2,0,2,2
Achham,Siraha,0,66,3,13,10,3,13,10,3,13,10,3,13,10,3,13,10
Achham,Solukhumbu,0,67,1,0,-1,1,0,-1,1,0,-1,1,0,-1,1,0,-1
Achham,Sunsari,0,68,4,14,10,4,14,10,4,14,10,4,14,10,4,14,10
Achham,Surkhet,0,69,108,236,128,108,236,128,108,236,128,108,236,128,86,217,131
Achham,Syangja,0,70,2,9,7,2,9,7,2,9,7,2,9,7,2,9,7
Achham,Tanahu,0,71,1,12,11,1,12,11,1,12,11,1,12,11,1,12,11
Achham,Taplejung,0,72,1,1,0,1,1,0,1,1,0,1,1,0,1,1,0
Achham,Terhathum,0,73,1,0,-1,1,0,-1,1,0,-1,1,0,-1,1,0,-1
Achham,Udayapur,0,74,4,0,-4,4,0,-4,4,0,-4,4,0,-4,4,0,-4
Arghakhanchi,Achham,1,0,0,6,6,0,6,6,0,6,6,0,6,6,0,6,6
Arghakhanchi,Arghakhanchi,1,1,0,0,0,0,0,0,0,0,0,0,0,0,0,0,0
Arghakhanchi,Baglung,1,2,75,133,58,75,133,58,75,133,58,75,133,58,75,129,54
Arghakhanchi,Baitadi,1,3,6,5,-1,6,5,-1,6,5,-1,6,5,-1,6,5,-1
Arghakhanchi,Bajhang,1,4,0,1,1,0,1,1,0,1,1,0,1,1,0,1,1
Arghakhanchi,Bajura,1,5,0,0,0,0,0,0,0,0,0,0,0,0,0,0,0
Arghakhanchi,Banke,1,6,80,169,89,80,169,89,80,169,89,80,169,89,80,169,89
Arghakhanchi,Bara,1,7,30,47,17,30,47,17,30,47,17,30,47,17,30,47,17
Arghakhanchi,Bardiya,1,8,54,106,52,54,106,52,54,106,52,54,106,52,54,106,52
Arghakhanchi,Bhaktapur,1,9,0,0,0,0,0,0,0,0,0,0,0,0,0,0,0
Arghakhanchi,Bhojpur,1,10,1,3,2,1,3,2,1,3,2,1,3,2,1,3,2
Arghakhanchi,Chitawan,1,11,74,138,64,74,138,64,74,138,64,74,138,64,74,138,64
Arghakhanchi,Dadeldhura,1,12,0,5,5,0,5,5,0,5,5,0,5,5,0,5,5
Arghakhanchi,Dailekh,1,13,13,21,8,13,21,8,13,21,8,13,21,8,13,21,8
Arghakhanchi,Dang,1,14,2003,2470,467,2003,2470,467,2003,2470,467,1030,1391,361,954,1308,354
Arghakhanchi,Darchula,1,15,1,3,2,1,3,2,1,3,2,1,3,2,1,3,2
Arghakhanchi,Dhading,1,16,23,27,4,23,27,4,23,27,4,23,27,4,23,27,4
Arghakhanchi,Dhankuta,1,17,6,7,1,6,7,1,6,7,1,6,7,1,6,7,1
Arghakhanchi,Dhanusha,1,18,14,29,15,14,29,15,14,29,15,14,29,15,14,29,15
Arghakhanchi,Dolakha,1,19,3,3,0,3,3,0,3,3,0,3,3,0,3,3,0
Arghakhanchi,Dolpa,1,20,0,1,1,0,1,1,0,1,1,0,1,1,0,1,1
Arghakhanchi,Doti,1,21,8,10,2,8,10,2,8,10,2,8,10,2,8,10,2
Arghakhanchi,Gorkha,1,22,21,50,29,21,50,29,21,50,29,21,50,29,21,50,29
Arghakhanchi,Gulmi,1,23,1514,2448,934,1372,2204,832,1196,1936,740,691,1129,438,371,619,248
Arghakhanchi,Humla,1,24,0,0,0,0,0,0,0,0,0,0,0,0,0,0,0
Arghakhanchi,Ilam,1,25,8,7,-1,8,7,-1,8,7,-1,8,7,-1,8,7,-1
Arghakhanchi,Jajarkot,1,26,2,4,2,2,4,2,2,4,2,2,4,2,2,4,2
Arghakhanchi,Jhapa,1,27,53,59,6,53,59,6,53,59,6,53,59,6,53,59,6
Arghakhanchi,Jumla,1,28,4,7,3,4,7,3,4,7,3,4,7,3,4,7,3
Arghakhanchi,Kabhrepalanchok,1,29,16,26,10,16,26,10,16,26,10,16,26,10,16,26,10
Arghakhanchi,Kailali,1,30,42,74,32,42,74,32,42,74,32,42,74,32,42,74,32
Arghakhanchi,Kalikot,1,31,0,0,0,0,0,0,0,0,0,0,0,0,0,0,0
Arghakhanchi,Kanchanpur,1,32,30,49,19,30,49,19,30,49,19,30,49,19,30,49,19
Arghakhanchi,Kapilbastu,1,33,1887,2723,836,1887,2723,836,1887,2723,836,1733,2482,749,1467,2166,699
Arghakhanchi,Kaski,1,34,103,150,47,103,150,47,103,150,47,103,150,47,103,150,47
Arghakhanchi,Kathmandu,1,35,782,694,-88,782,694,-88,782,694,-88,782,694,-88,782,694,-88
Arghakhanchi,Khotang,1,36,1,4,3,1,4,3,1,4,3,1,4,3,1,4,3
Arghakhanchi,Lalitpur,1,37,0,0,0,0,0,0,0,0,0,0,0,0,0,0,0
Arghakhanchi,Lamjung,1,38,13,15,2,13,15,2,13,15,2,13,15,2,13,15,2
Arghakhanchi,Mahottari,1,39,9,14,5,9,14,5,9,14,5,9,14,5,9,14,5
Arghakhanchi,Makawanpur,1,40,33,46,13,33,46,13,33,46,13,33,46,13,33,46,13
Arghakhanchi,Manang,1,41,1,0,-1,1,0,-1,1,0,-1,1,0,-1,1,0,-1
Arghakhanchi,Morang,1,42,28,42,14,28,42,14,28,42,14,28,42,14,28,42,14
Arghakhanchi,Mugu,1,43,0,0,0,0,0,0,0,0,0,0,0,0,0,0,0
Arghakhanchi,Mustang,1,44,4,7,3,4,7,3,4,7,3,4,7,3,4,7,3
Arghakhanchi,Myagdi,1,45,4,11,7,4,11,7,4,11,7,4,11,7,4,11,7
Arghakhanchi,Nawalparasi,1,46,205,323,118,205,323,118,205,323,118,205,323,118,205,323,118
Arghakhanchi,Nuwakot,1,47,11,19,8,11,19,8,11,19,8,11,19,8,11,19,8
Arghakhanchi,Okhaldhunga,1,48,1,1,0,1,1,0,1,1,0,1,1,0,1,1,0
Arghakhanchi,Palpa,1,49,264,492,228,264,492,228,264,492,228,213,366,153,186,314,128
Arghakhanchi,Panchthar,1,50,6,5,-1,6,5,-1,6,5,-1,6,5,-1,6,5,-1
Arghakhanchi,Parbat,1,51,7,8,1,7,8,1,7,8,1,7,8,1,7,8,1
Arghakhanchi,Parsa,1,52,22,33,11,22,33,11,22,33,11,22,33,11,22,33,11
Arghakhanchi,Pyuthan,1,53,1504,2387,883,1317,2060,743,1030,1606,576,669,1069,400,533,827,294
Arghakhanchi,Ramechhap,1,54,0,3,3,0,3,3,0,3,3,0,3,3,0,3,3
Arghakhanchi,Rasuwa,1,55,0,0,0,0,0,0,0,0,0,0,0,0,0,0,0
Arghakhanchi,Rautahat,1,56,19,18,-1,19,18,-1,19,18,-1,19,18,-1,19,18,-1
Arghakhanchi,Rolpa,1,57,80,114,34,80,114,34,80,114,34,80,114,34,80,114,34
Arghakhanchi,Rukum,1,58,9,17,8,9,17,8,9,17,8,9,17,8,9,17,8
Arghakhanchi,Rupandehi,1,59,1415,2169,754,1415,2169,754,1415,2169,754,1415,2169,754,1389,2129,740
Arghakhanchi,Salyan,1,60,28,41,13,28,41,13,28,41,13,28,41,13,28,41,13
Arghakhanchi,Sankhuwasabha,1,61,1,3,2,1,3,2,1,3,2,1,3,2,1,3,2
Arghakhanchi,Saptari,1,62,11,24,13,11,24,13,11,24,13,11,24,13,11,24,13
Arghakhanchi,Sarlahi,1,63,17,28,11,17,28,11,17,28,11,17,28,11,17,28,11
Arghakhanchi,Sindhuli,1,64,5,18,13,5,18,13,5,18,13,5,18,13,5,18,13
Arghakhanchi,Sindhupalchok,1,65,4,9,5,4,9,5,4,9,5,4,9,5,4,9,5
Arghakhanchi,Siraha,1,66,11,12,1,11,12,1,11,12,1,11,12,1,11,12,1
Arghakhanchi,Solukhumbu,1,67,1,1,0,1,1,0,1,1,0,1,1,0,1,1,0
Arghakhanchi,Sunsari,1,68,25,37,12,25,37,12,25,37,12,25,37,12,25,37,12
Arghakhanchi,Surkhet,1,69,42,59,17,42,59,17,42,59,17,42,59,17,42,59,17
Arghakhanchi,Syangja,1,70,79,127,48,79,127,48,79,127,48,79,127,48,74,120,46
Arghakhanchi,Tanahu,1,71,43,64,21,43,64,21,43,64,21,43,64,21,43,64,21
Arghakhanchi,Taplejung,1,72,0,1,1,0,1,1,0,1,1,0,1,1,0,1,1
Arghakhanchi,Terhathum,1,73,2,2,0,2,2,0,2,2,0,2,2,0,2,2,0
Arghakhanchi,Udayapur,1,74,8,23,15,8,23,15,8,23,15,8,23,15,8,23,15
Baglung,Achham,2,0,0,3,3,0,3,3,0,3,3,0,3,3,0,3,3
Baglung,Arghakhanchi,2,1,71,120,49,71,120,49,71,120,49,71,120,49,71,120,49
Baglung,Baglung,2,2,0,0,0,0,0,0,0,0,0,0,0,0,0,0,0
Baglung,Baitadi,2,3,1,5,4,1,5,4,1,5,4,1,5,4,1,5,4
Baglung,Bajhang,2,4,0,1,1,0,1,1,0,1,1,0,1,1,0,1,1
Baglung,Bajura,2,5,1,0,-1,1,0,-1,1,0,-1,1,0,-1,1,0,-1
Baglung,Banke,2,6,41,60,19,41,60,19,41,60,19,41,60,19,41,60,19
Baglung,Bara,2,7,47,90,43,47,90,43,47,90,43,47,90,43,47,90,43
Baglung,Bardiya,2,8,51,61,10,51,61,10,51,61,10,51,61,10,51,61,10
Baglung,Bhaktapur,2,9,0,0,0,0,0,0,0,0,0,0,0,0,0,0,0
Baglung,Bhojpur,2,10,1,1,0,1,1,0,1,1,0,1,1,0,1,1,0
Baglung,Chitawan,2,11,261,412,151,261,412,151,261,412,151,261,412,151,261,412,151
Baglung,Dadeldhura,2,12,5,3,-2,5,3,-2,5,3,-2,5,3,-2,5,3,-2
Baglung,Dailekh,2,13,8,22,14,8,22,14,8,22,14,8,22,14,8,22,14
Baglung,Dang,2,14,54,109,55,54,109,55,54,109,55,54,109,55,54,109,55
Baglung,Darchula,2,15,2,5,3,2,5,3,2,5,3,2,5,3,2,5,3
Baglung,Dhading,2,16,32,66,34,32,66,34,32,66,34,32,66,34,32,66,34
Baglung,Dhankuta,2,17,3,10,7,3,10,7,3,10,7,3,10,7,3,10,7
Baglung,Dhanusha,2,18,17,27,10,17,27,10,17,27,10,17,27,10,17,27,10
Baglung,Dolakha,2,19,5,3,-2,5,3,-2,5,3,-2,5,3,-2,5,3,-2
Baglung,Dolpa,2,20,0,3,3,0,3,3,0,3,3,0,3,3,0,3,3
Baglung,Doti,2,21,6,4,-2,6,4,-2,6,4,-2,6,4,-2,6,4,-2
Baglung,Gorkha,2,22,61,135,74,61,135,74,61,135,74,61,135,74,61,135,74
Baglung,Gulmi,2,23,1377,1838,461,1321,1778,457,904,1226,322,698,930,232,603,814,211
Baglung,Humla,2,24,1,1,0,1,1,0,1,1,0,1,1,0,1,1,0
Baglung,Ilam,2,25,14,15,1,14,15,1,14,15,1,14,15,1,14,15,1
Baglung,Jajarkot,2,26,3,4,1,3,4,1,3,4,1,3,4,1,3,4,1
Baglung,Jhapa,2,27,40,55,15,40,55,15,40,55,15,40,55,15,40,55,15
Baglung,Jumla,2,28,0,1,1,0,1,1,0,1,1,0,1,1,0,1,1
Baglung,Kabhrepalanchok,2,29,14,40,26,14,40,26,14,40,26,14,40,26,14,40,26
Baglung,Kailali,2,30,30,39,9,30,39,9,30,39,9,30,39,9,30,39,9
Baglung,Kalikot,2,31,1,0,-1,1,0,-1,1,0,-1,1,0,-1,1,0,-1
Baglung,Kanchanpur,2,32,22,30,8,22,30,8,22,30,8,22,30,8,22,30,8
Baglung,Kapilbastu,2,33,112,209,97,112,209,97,112,209,97,112,209,97,112,209,97
Baglung,Kaski,2,34,1151,1435,284,1151,1435,284,1151,1435,284,1135,1422,287,1109,1395,286
Baglung,Kathmandu,2,35,997,877,-120,997,877,-120,997,877,-120,997,877,-120,997,877,-120
Baglung,Khotang,2,36,10,7,-3,10,7,-3,10,7,-3,10,7,-3,10,7,-3
Baglung,Lalitpur,2,37,0,0,0,0,0,0,0,0,0,0,0,0,0,0,0
Baglung,Lamjung,2,38,22,33,11,22,33,11,22,33,11,22,33,11,22,33,11
Baglung,Mahottari,2,39,6,13,7,6,13,7,6,13,7,6,13,7,6,13,7
Baglung,Makawanpur,2,40,38,61,23,38,61,23,38,61,23,38,61,23,38,61,23
Baglung,Manang,2,41,1,1,0,1,1,0,1,1,0,1,1,0,1,1,0
Baglung,Morang,2,42,28,54,26,28,54,26,28,54,26,28,54,26,28,54,26
Baglung,Mugu,2,43,1,1,0,1,1,0,1,1,0,1,1,0,1,1,0
Baglung,Mustang,2,44,19,27,8,19,27,8,19,27,8,19,27,8,19,27,8
Baglung,Myagdi,2,45,506,814,308,472,776,304,224,395,171,149,259,110,86,161,75
Baglung,Nawalparasi,2,46,351,564,213,351,564,213,351,564,213,351,564,213,351,564,213
Baglung,Nuwakot,2,47,13,17,4,13,17,4,13,17,4,13,17,4,13,17,4
Baglung,Okhaldhunga,2,48,3,1,-2,3,1,-2,3,1,-2,3,1,-2,3,1,-2
Baglung,Palpa,2,49,71,124,53,71,124,53,71,124,53,71,124,53,71,124,53
Baglung,Panchthar,2,50,7,10,3,7,10,3,7,10,3,7,10,3,7,10,3
Baglung,Parbat,2,51,2170,3106,936,2016,2904,888,1192,1789,597,476,712,236,121,203,82
Baglung,Parsa,2,52,113,146,33,113,146,33,113,146,33,113,146,33,113,146,33
Baglung,Pyuthan,2,53,14,25,11,14,25,11,14,25,11,14,25,11,14,22,8
Baglung,Ramechhap,2,54,3,5,2,3,5,2,3,5,2,3,5,2,3,5,2
Baglung,Rasuwa,2,55,2,2,0,2,2,0,2,2,0,2,2,0,2,2,0
Baglung,Rautahat,2,56,32,48,16,32,48,16,32,48,16,32,48,16,32,48,16
Baglung,Rolpa,2,57,10,30,20,10,30,20,10,30,20,10,30,20,10,30,20
Baglung,Rukum,2,58,8,20,12,8,20,12,8,20,12,8,20,12,8,20,12
Baglung,Rupandehi,2,59,762,1312,550,762,1312,550,762,1312,550,762,1312,550,762,1312,550
Baglung,Salyan,2,60,16,26,10,16,26,10,16,26,10,16,26,10,16,26,10
Baglung,Sankhuwasabha,2,61,4,6,2,4,6,2,4,6,2,4,6,2,4,6,2
Baglung,Saptari,2,62,13,26,13,13,26,13,13,26,13,13,26,13,13,26,13
Baglung,Sarlahi,2,63,16,40,24,16,40,24,16,40,24,16,40,24,16,40,24
Baglung,Sindhuli,2,64,14,27,13,14,27,13,14,27,13,14,27,13,14,27,13
Baglung,Sindhupalchok,2,65,7,10,3,7,10,3,7,10,3,7,10,3,7,10,3
Baglung,Siraha,2,66,13,19,6,13,19,6,13,19,6,13,19,6,13,19,6
Baglung,Solukhumbu,2,67,2,2,0,2,2,0,2,2,0,2,2,0,2,2,0
Baglung,Sunsari,2,68,23,35,12,23,35,12,23,35,12,23,35,12,23,35,12
Baglung,Surkhet,2,69,39,44,5,39,44,5,39,44,5,39,44,5,39,44,5
Baglung,Syangja,2,70,288,429,141,288,429,141,288,429,141,286,422,136,253,349,96
Baglung,Tanahu,2,71,155,232,77,155,232,77,155,232,77,155,232,77,155,232,77
Baglung,Taplejung,2,72,1,0,-1,1,0,-1,1,0,-1,1,0,-1,1,0,-1
Baglung,Terhathum,2,73,1,7,6,1,7,6,1,7,6,1,7,6,1,7,6
Baglung,Udayapur,2,74,23,24,1,23,24,1,23,24,1,23,24,1,23,24,1
Baitadi,Achham,3,0,10,10,0,10,10,0,10,10,0,10,10,0,10,10,0
Baitadi,Arghakhanchi,3,1,6,6,0,6,6,0,6,6,0,6,6,0,6,6,0
Baitadi,Baglung,3,2,2,1,-1,2,1,-1,2,1,-1,2,1,-1,2,1,-1
Baitadi,Baitadi,3,3,0,0,0,0,0,0,0,0,0,0,0,0,0,0,0
Baitadi,Bajhang,3,4,4,11,7,4,11,7,4,11,7,4,11,7,4,11,7
Baitadi,Bajura,3,5,3,2,-1,3,2,-1,3,2,-1,3,2,-1,3,2,-1
Baitadi,Banke,3,6,26,54,28,26,54,28,26,54,28,26,54,28,26,54,28
Baitadi,Bara,3,7,5,14,9,5,14,9,5,14,9,5,14,9,5,14,9
Baitadi,Bardiya,3,8,37,51,14,37,51,14,37,51,14,37,51,14,37,51,14
Baitadi,Bhaktapur,3,9,0,0,0,0,0,0,0,0,0,0,0,0,0,0,0
Baitadi,Bhojpur,3,10,0,1,1,0,1,1,0,1,1,0,1,1,0,1,1
Baitadi,Chitawan,3,11,13,25,12,13,25,12,13,25,12,13,25,12,13,25,12
Baitadi,Dadeldhura,3,12,483,828,345,483,828,345,483,828,345,475,809,334,473,808,335
Baitadi,Dailekh,3,13,8,14,6,8,14,6,8,14,6,8,14,6,8,14,6
Baitadi,Dang,3,14,15,26,11,15,26,11,15,26,11,15,26,11,15,26,11
Baitadi,Darchula,3,15,235,334,99,235,334,99,177,272,95,146,235,89,109,165,56
Baitadi,Dhading,3,16,3,20,17,3,20,17,3,20,17,3,20,17,3,20,17
Baitadi,Dhankuta,3,17,3,7,4,3,7,4,3,7,4,3,7,4,3,7,4
Baitadi,Dhanusha,3,18,6,9,3,6,9,3,6,9,3,6,9,3,6,9,3
Baitadi,Dolakha,3,19,3,0,-3,3,0,-3,3,0,-3,3,0,-3,3,0,-3
Baitadi,Dolpa,3,20,0,0,0,0,0,0,0,0,0,0,0,0,0,0,0
Baitadi,Doti,3,21,83,130,47,83,130,47,83,130,47,83,130,47,83,130,47
Baitadi,Gorkha,3,22,8,15,7,8,15,7,8,15,7,8,15,7,8,15,7
Baitadi,Gulmi,3,23,0,5,5,0,5,5,0,5,5,0,5,5,0,5,5
Baitadi,Humla,3,24,0,1,1,0,1,1,0,1,1,0,1,1,0,1,1
Baitadi,Ilam,3,25,3,3,0,3,3,0,3,3,0,3,3,0,3,3,0
Baitadi,Jajarkot,3,26,0,1,1,0,1,1,0,1,1,0,1,1,0,1,1
Baitadi,Jhapa,3,27,4,11,7,4,11,7,4,11,7,4,11,7,4,11,7
Baitadi,Jumla,3,28,0,2,2,0,2,2,0,2,2,0,2,2,0,2,2
Baitadi,Kabhrepalanchok,3,29,3,13,10,3,13,10,3,13,10,3,13,10,3,13,10
Baitadi,Kailali,3,30,359,723,364,359,723,364,359,723,364,359,723,364,359,723,364
Baitadi,Kalikot,3,31,0,2,2,0,2,2,0,2,2,0,2,2,0,2,2
Baitadi,Kanchanpur,3,32,632,1261,629,632,1261,629,632,1261,629,632,1261,629,632,1261,629
Baitadi,Kapilbastu,3,33,10,15,5,10,15,5,10,15,5,10,15,5,10,15,5
Baitadi,Kaski,3,34,7,13,6,7,13,6,7,13,6,7,13,6,7,13,6
Baitadi,Kathmandu,3,35,189,274,85,189,274,85,189,274,85,189,274,85,189,274,85
Baitadi,Khotang,3,36,1,4,3,1,4,3,1,4,3,1,4,3,1,4,3
Baitadi,Lalitpur,3,37,0,0,0,0,0,0,0,0,0,0,0,0,0,0,0
Baitadi,Lamjung,3,38,2,2,0,2,2,0,2,2,0,2,2,0,2,2,0
Baitadi,Mahottari,3,39,5,12,7,5,12,7,5,12,7,5,12,7,5,12,7
Baitadi,Makawanpur,3,40,5,8,3,5,8,3,5,8,3,5,8,3,5,8,3
Baitadi,Manang,3,41,0,0,0,0,0,0,0,0,0,0,0,0,0,0,0
Baitadi,Morang,3,42,1,14,13,1,14,13,1,14,13,1,14,13,1,14,13
Baitadi,Mugu,3,43,0,0,0,0,0,0,0,0,0,0,0,0,0,0,0
Baitadi,Mustang,3,44,0,2,2,0,2,2,0,2,2,0,2,2,0,2,2
Baitadi,Myagdi,3,45,2,0,-2,2,0,-2,2,0,-2,2,0,-2,2,0,-2
Baitadi,Nawalparasi,3,46,6,14,8,6,14,8,6,14,8,6,14,8,6,14,8
Baitadi,Nuwakot,3,47,4,5,1,4,5,1,4,5,1,4,5,1,4,5,1
Baitadi,Okhaldhunga,3,48,1,2,1,1,2,1,1,2,1,1,2,1,1,2,1
Baitadi,Palpa,3,49,8,12,4,8,12,4,8,12,4,8,12,4,8,12,4
Baitadi,Panchthar,3,50,1,2,1,1,2,1,1,2,1,1,2,1,1,2,1
Baitadi,Parbat,3,51,1,3,2,1,3,2,1,3,2,1,3,2,1,3,2
Baitadi,Parsa,3,52,5,7,2,5,7,2,5,7,2,5,7,2,5,7,2
Baitadi,Pyuthan,3,53,6,8,2,6,8,2,6,8,2,6,8,2,6,8,2
Baitadi,Ramechhap,3,54,0,2,2,0,2,2,0,2,2,0,2,2,0,2,2
Baitadi,Rasuwa,3,55,0,0,0,0,0,0,0,0,0,0,0,0,0,0,0
Baitadi,Rautahat,3,56,0,3,3,0,3,3,0,3,3,0,3,3,0,3,3
Baitadi,Rolpa,3,57,2,7,5,2,7,5,2,7,5,2,7,5,2,7,5
Baitadi,Rukum,3,58,4,6,2,4,6,2,4,6,2,4,6,2,4,6,2
Baitadi,Rupandehi,3,59,16,38,22,16,38,22,16,38,22,16,38,22,16,38,22
Baitadi,Salyan,3,60,8,2,-6,8,2,-6,8,2,-6,8,2,-6,8,2,-6
Baitadi,Sankhuwasabha,3,61,2,1,-1,2,1,-1,2,1,-1,2,1,-1,2,1,-1
Baitadi,Saptari,3,62,5,8,3,5,8,3,5,8,3,5,8,3,5,8,3
Baitadi,Sarlahi,3,63,6,4,-2,6,4,-2,6,4,-2,6,4,-2,6,4,-2
Baitadi,Sindhuli,3,64,3,5,2,3,5,2,3,5,2,3,5,2,3,5,2
Baitadi,Sindhupalchok,3,65,1,0,-1,1,0,-1,1,0,-1,1,0,-1,1,0,-1
Baitadi,Siraha,3,66,3,6,3,3,6,3,3,6,3,3,6,3,3,6,3
Baitadi,Solukhumbu,3,67,0,1,1,0,1,1,0,1,1,0,1,1,0,1,1
Baitadi,Sunsari,3,68,6,7,1,6,7,1,6,7,1,6,7,1,6,7,1
Baitadi,Surkhet,3,69,20,40,20,20,40,20,20,40,20,20,40,20,20,40,20
Baitadi,Syangja,3,70,6,11,5,6,11,5,6,11,5,6,11,5,6,11,5
Baitadi,Tanahu,3,71,0,8,8,0,8,8,0,8,8,0,8,8,0,8,8
Baitadi,Taplejung,3,72,0,0,0,0,0,0,0,0,0,0,0,0,0,0,0
Baitadi,Terhathum,3,73,1,0,-1,1,0,-1,1,0,-1,1,0,-1,1,0,-1
Baitadi,Udayapur,3,74,1,4,3,1,4,3,1,4,3,1,4,3,1,4,3
Bajhang,Achham,4,0,1,5,4,1,5,4,1,5,4,1,5,4,1,5,4
Bajhang,Arghakhanchi,4,1,0,1,1,0,1,1,0,1,1,0,1,1,0,1,1
Bajhang,Baglung,4,2,0,2,2,0,2,2,0,2,2,0,2,2,0,2,2
Bajhang,Baitadi,4,3,2,2,0,2,2,0,2,2,0,2,2,0,2,2,0
Bajhang,Bajhang,4,4,0,0,0,0,0,0,0,0,0,0,0,0,0,0,0
Bajhang,Bajura,4,5,0,5,5,0,5,5,0,5,5,0,5,5,0,5,5
Bajhang,Banke,4,6,2,9,7,2,9,7,2,9,7,2,9,7,2,9,7
Bajhang,Bara,4,7,0,0,0,0,0,0,0,0,0,0,0,0,0,0,0
Bajhang,Bardiya,4,8,2,3,1,2,3,1,2,3,1,2,3,1,2,3,1
Bajhang,Bhaktapur,4,9,0,0,0,0,0,0,0,0,0,0,0,0,0,0,0
Bajhang,Bhojpur,4,10,0,1,1,0,1,1,0,1,1,0,1,1,0,1,1
Bajhang,Chitawan,4,11,0,1,1,0,1,1,0,1,1,0,1,1,0,1,1
Bajhang,Dadeldhura,4,12,0,5,5,0,5,5,0,5,5,0,5,5,0,5,5
Bajhang,Dailekh,4,13,2,0,-2,2,0,-2,2,0,-2,2,0,-2,2,0,-2
Bajhang,Dang,4,14,1,1,0,1,1,0,1,1,0,1,1,0,1,1,0
Bajhang,Darchula,4,15,0,0,0,0,0,0,0,0,0,0,0,0,0,0,0
Bajhang,Dhading,4,16,0,0,0,0,0,0,0,0,0,0,0,0,0,0,0
Bajhang,Dhankuta,4,17,1,2,1,1,2,1,1,2,1,1,2,1,1,2,1
Bajhang,Dhanusha,4,18,0,0,0,0,0,0,0,0,0,0,0,0,0,0,0
Bajhang,Dolakha,4,19,0,0,0,0,0,0,0,0,0,0,0,0,0,0,0
Bajhang,Dolpa,4,20,0,0,0,0,0,0,0,0,0,0,0,0,0,0,0
Bajhang,Doti,4,21,3,2,-1,3,2,-1,3,2,-1,3,2,-1,3,2,-1
Bajhang,Gorkha,4,22,0,3,3,0,3,3,0,3,3,0,3,3,0,3,3
Bajhang,Gulmi,4,23,0,0,0,0,0,0,0,0,0,0,0,0,0,0,0
Bajhang,Humla,4,24,0,0,0,0,0,0,0,0,0,0,0,0,0,0,0
Bajhang,Ilam,4,25,0,1,1,0,1,1,0,1,1,0,1,1,0,1,1
Bajhang,Jajarkot,4,26,0,0,0,0,0,0,0,0,0,0,0,0,0,0,0
Bajhang,Jhapa,4,27,0,0,0,0,0,0,0,0,0,0,0,0,0,0,0
Bajhang,Jumla,4,28,0,0,0,0,0,0,0,0,0,0,0,0,0,0,0
Bajhang,Kabhrepalanchok,4,29,1,1,0,1,1,0,1,1,0,1,1,0,1,1,0
Bajhang,Kailali,4,30,22,64,42,22,64,42,22,64,42,22,64,42,22,64,42
Bajhang,Kalikot,4,31,0,0,0,0,0,0,0,0,0,0,0,0,0,0,0
Bajhang,Kanchanpur,4,32,18,50,32,18,50,32,18,50,32,18,50,32,18,50,32
Bajhang,Kapilbastu,4,33,0,1,1,0,1,1,0,1,1,0,1,1,0,1,1
Bajhang,Kaski,4,34,0,2,2,0,2,2,0,2,2,0,2,2,0,2,2
Bajhang,Kathmandu,4,35,11,19,8,11,19,8,11,19,8,11,19,8,11,19,8
Bajhang,Khotang,4,36,0,1,1,0,1,1,0,1,1,0,1,1,0,1,1
Bajhang,Lalitpur,4,37,0,0,0,0,0,0,0,0,0,0,0,0,0,0,0
Bajhang,Lamjung,4,38,0,1,1,0,1,1,0,1,1,0,1,1,0,1,1
Bajhang,Mahottari,4,39,0,0,0,0,0,0,0,0,0,0,0,0,0,0,0
Bajhang,Makawanpur,4,40,0,2,2,0,2,2,0,2,2,0,2,2,0,2,2
Bajhang,Manang,4,41,0,0,0,0,0,0,0,0,0,0,0,0,0,0,0
Bajhang,Morang,4,42,0,1,1,0,1,1,0,1,1,0,1,1,0,1,1
Bajhang,Mugu,4,43,0,0,0,0,0,0,0,0,0,0,0,0,0,0,0
Bajhang,Mustang,4,44,0,1,1,0,1,1,0,1,1,0,1,1,0,1,1
Bajhang,Myagdi,4,45,0,0,0,0,0,0,0,0,0,0,0,0,0,0,0
Bajhang,Nawalparasi,4,46,1,2,1,1,2,1,1,2,1,1,2,1,1,2,1
Bajhang,Nuwakot,4,47,0,1,1,0,1,1,0,1,1,0,1,1,0,1,1
Bajhang,Okhaldhunga,4,48,0,0,0,0,0,0,0,0,0,0,0,0,0,0,0
Bajhang,Palpa,4,49,0,0,0,0,0,0,0,0,0,0,0,0,0,0,0
Bajhang,Panchthar,4,50,0,0,0,0,0,0,0,0,0,0,0,0,0,0,0
Bajhang,Parbat,4,51,0,0,0,0,0,0,0,0,0,0,0,0,0,0,0
Bajhang,Parsa,4,52,0,1,1,0,1,1,0,1,1,0,1,1,0,1,1
Bajhang,Pyuthan,4,53,0,4,4,0,4,4,0,4,4,0,4,4,0,4,4
Bajhang,Ramechhap,4,54,0,1,1,0,1,1,0,1,1,0,1,1,0,1,1
Bajhang,Rasuwa,4,55,0,0,0,0,0,0,0,0,0,0,0,0,0,0,0
Bajhang,Rautahat,4,56,0,0,0,0,0,0,0,0,0,0,0,0,0,0,0
Bajhang,Rolpa,4,57,0,2,2,0,2,2,0,2,2,0,2,2,0,2,2
Bajhang,Rukum,4,58,0,1,1,0,1,1,0,1,1,0,1,1,0,1,1
Bajhang,Rupandehi,4,59,1,2,1,1,2,1,1,2,1,1,2,1,1,2,1
Bajhang,Salyan,4,60,0,0,0,0,0,0,0,0,0,0,0,0,0,0,0
Bajhang,Sankhuwasabha,4,61,0,0,0,0,0,0,0,0,0,0,0,0,0,0,0
Bajhang,Saptari,4,62,0,2,2,0,2,2,0,2,2,0,2,2,0,2,2
Bajhang,Sarlahi,4,63,2,2,0,2,2,0,2,2,0,2,2,0,2,2,0
Bajhang,Sindhuli,4,64,0,1,1,0,1,1,0,1,1,0,1,1,0,1,1
Bajhang,Sindhupalchok,4,65,1,2,1,1,2,1,1,2,1,1,2,1,1,2,1
Bajhang,Siraha,4,66,0,0,0,0,0,0,0,0,0,0,0,0,0,0,0
Bajhang,Solukhumbu,4,67,0,0,0,0,0,0,0,0,0,0,0,0,0,0,0
Bajhang,Sunsari,4,68,3,0,-3,3,0,-3,3,0,-3,3,0,-3,3,0,-3
Bajhang,Surkhet,4,69,0,0,0,0,0,0,0,0,0,0,0,0,0,0,0
Bajhang,Syangja,4,70,0,1,1,0,1,1,0,1,1,0,1,1,0,1,1
Bajhang,Tanahu,4,71,1,1,0,1,1,0,1,1,0,1,1,0,1,1,0
Bajhang,Taplejung,4,72,0,0,0,0,0,0,0,0,0,0,0,0,0,0,0
Bajhang,Terhathum,4,73,0,0,0,0,0,0,0,0,0,0,0,0,0,0,0
Bajhang,Udayapur,4,74,0,0,0,0,0,0,0,0,0,0,0,0,0,0,0
Bajura,Achham,5,0,8,12,4,8,12,4,8,12,4,8,12,4,8,12,4
Bajura,Arghakhanchi,5,1,0,0,0,0,0,0,0,0,0,0,0,0,0,0,0
Bajura,Baglung,5,2,0,0,0,0,0,0,0,0,0,0,0,0,0,0,0
Bajura,Baitadi,5,3,0,1,1,0,1,1,0,1,1,0,1,1,0,1,1
Bajura,Bajhang,5,4,0,1,1,0,1,1,0,1,1,0,1,1,0,1,1
Bajura,Bajura,5,5,0,0,0,0,0,0,0,0,0,0,0,0,0,0,0
Bajura,Banke,5,6,6,6,0,6,6,0,6,6,0,6,6,0,6,6,0
Bajura,Bara,5,7,0,0,0,0,0,0,0,0,0,0,0,0,0,0,0
Bajura,Bardiya,5,8,1,7,6,1,7,6,1,7,6,1,7,6,1,7,6
Bajura,Bhaktapur,5,9,0,0,0,0,0,0,0,0,0,0,0,0,0,0,0
Bajura,Bhojpur,5,10,0,0,0,0,0,0,0,0,0,0,0,0,0,0,0
Bajura,Chitawan,5,11,1,1,0,1,1,0,1,1,0,1,1,0,1,1,0
Bajura,Dadeldhura,5,12,0,2,2,0,2,2,0,2,2,0,2,2,0,2,2
Bajura,Dailekh,5,13,0,1,1,0,1,1,0,1,1,0,1,1,0,1,1
Bajura,Dang,5,14,0,5,5,0,5,5,0,5,5,0,5,5,0,5,5
Bajura,Darchula,5,15,1,2,1,1,2,1,1,2,1,1,2,1,1,2,1
Bajura,Dhading,5,16,0,0,0,0,0,0,0,0,0,0,0,0,0,0,0
Bajura,Dhankuta,5,17,0,0,0,0,0,0,0,0,0,0,0,0,0,0,0
Bajura,Dhanusha,5,18,1,4,3,1,4,3,1,4,3,1,4,3,1,4,3
Bajura,Dolakha,5,19,0,0,0,0,0,0,0,0,0,0,0,0,0,0,0
Bajura,Dolpa,5,20,0,0,0,0,0,0,0,0,0,0,0,0,0,0,0
Bajura,Doti,5,21,3,7,4,3,7,4,3,7,4,3,7,4,3,7,4
Bajura,Gorkha,5,22,0,1,1,0,1,1,0,1,1,0,1,1,0,1,1
Bajura,Gulmi,5,23,0,0,0,0,0,0,0,0,0,0,0,0,0,0,0
Bajura,Humla,5,24,1,1,0,1,1,0,1,1,0,1,1,0,1,1,0
Bajura,Ilam,5,25,0,0,0,0,0,0,0,0,0,0,0,0,0,0,0
Bajura,Jajarkot,5,26,0,0,0,0,0,0,0,0,0,0,0,0,0,0,0
Bajura,Jhapa,5,27,1,2,1,1,2,1,1,2,1,1,2,1,1,2,1
Bajura,Jumla,5,28,0,0,0,0,0,0,0,0,0,0,0,0,0,0,0
Bajura,Kabhrepalanchok,5,29,0,1,1,0,1,1,0,1,1,0,1,1,0,1,1
Bajura,Kailali,5,30,23,45,22,23,45,22,23,45,22,23,45,22,23,45,22
Bajura,Kalikot,5,31,0,0,0,0,0,0,0,0,0,0,0,0,0,0,0
Bajura,Kanchanpur,5,32,13,26,13,13,26,13,13,26,13,13,26,13,13,26,13
Bajura,Kapilbastu,5,33,0,0,0,0,0,0,0,0,0,0,0,0,0,0,0
Bajura,Kaski,5,34,0,0,0,0,0,0,0,0,0,0,0,0,0,0,0
Bajura,Kathmandu,5,35,14,13,-1,14,13,-1,14,13,-1,14,13,-1,14,13,-1
Bajura,Khotang,5,36,0,0,0,0,0,0,0,0,0,0,0,0,0,0,0
Bajura,Lalitpur,5,37,0,0,0,0,0,0,0,0,0,0,0,0,0,0,0
Bajura,Lamjung,5,38,1,0,-1,1,0,-1,1,0,-1,1,0,-1,1,0,-1
Bajura,Mahottari,5,39,0,0,0,0,0,0,0,0,0,0,0,0,0,0,0
Bajura,Makawanpur,5,40,0,2,2,0,2,2,0,2,2,0,2,2,0,2,2
Bajura,Manang,5,41,0,0,0,0,0,0,0,0,0,0,0,0,0,0,0
Bajura,Morang,5,42,0,1,1,0,1,1,0,1,1,0,1,1,0,1,1
Bajura,Mugu,5,43,0,0,0,0,0,0,0,0,0,0,0,0,0,0,0
Bajura,Mustang,5,44,0,0,0,0,0,0,0,0,0,0,0,0,0,0,0
Bajura,Myagdi,5,45,0,0,0,0,0,0,0,0,0,0,0,0,0,0,0
Bajura,Nawalparasi,5,46,1,0,-1,1,0,-1,1,0,-1,1,0,-1,1,0,-1
Bajura,Nuwakot,5,47,0,0,0,0,0,0,0,0,0,0,0,0,0,0,0
Bajura,Okhaldhunga,5,48,0,0,0,0,0,0,0,0,0,0,0,0,0,0,0
Bajura,Palpa,5,49,0,0,0,0,0,0,0,0,0,0,0,0,0,0,0
Bajura,Panchthar,5,50,0,0,0,0,0,0,0,0,0,0,0,0,0,0,0
Bajura,Parbat,5,51,0,0,0,0,0,0,0,0,0,0,0,0,0,0,0
Bajura,Parsa,5,52,0,1,1,0,1,1,0,1,1,0,1,1,0,1,1
Bajura,Pyuthan,5,53,0,0,0,0,0,0,0,0,0,0,0,0,0,0,0
Bajura,Ramechhap,5,54,0,0,0,0,0,0,0,0,0,0,0,0,0,0,0
Bajura,Rasuwa,5,55,0,0,0,0,0,0,0,0,0,0,0,0,0,0,0
Bajura,Rautahat,5,56,0,0,0,0,0,0,0,0,0,0,0,0,0,0,0
Bajura,Rolpa,5,57,0,0,0,0,0,0,0,0,0,0,0,0,0,0,0
Bajura,Rukum,5,58,0,0,0,0,0,0,0,0,0,0,0,0,0,0,0
Bajura,Rupandehi,5,59,2,2,0,2,2,0,2,2,0,2,2,0,2,2,0
Bajura,Salyan,5,60,0,1,1,0,1,1,0,1,1,0,1,1,0,1,1
Bajura,Sankhuwasabha,5,61,1,0,-1,1,0,-1,1,0,-1,1,0,-1,1,0,-1
Bajura,Saptari,5,62,2,1,-1,2,1,-1,2,1,-1,2,1,-1,2,1,-1
Bajura,Sarlahi,5,63,0,1,1,0,1,1,0,1,1,0,1,1,0,1,1
Bajura,Sindhuli,5,64,0,1,1,0,1,1,0,1,1,0,1,1,0,1,1
Bajura,Sindhupalchok,5,65,0,0,0,0,0,0,0,0,0,0,0,0,0,0,0
Bajura,Siraha,5,66,0,0,0,0,0,0,0,0,0,0,0,0,0,0,0
Bajura,Solukhumbu,5,67,0,0,0,0,0,0,0,0,0,0,0,0,0,0,0
Bajura,Sunsari,5,68,0,0,0,0,0,0,0,0,0,0,0,0,0,0,0
Bajura,Surkhet,5,69,6,0,-6,6,0,-6,6,0,-6,6,0,-6,6,0,-6
Bajura,Syangja,5,70,1,0,-1,1,0,-1,1,0,-1,1,0,-1,1,0,-1
Bajura,Tanahu,5,71,2,0,-2,2,0,-2,2,0,-2,2,0,-2,2,0,-2
Bajura,Taplejung,5,72,0,0,0,0,0,0,0,0,0,0,0,0,0,0,0
Bajura,Terhathum,5,73,0,0,0,0,0,0,0,0,0,0,0,0,0,0,0
Bajura,Udayapur,5,74,2,3,1,2,3,1,2,3,1,2,3,1,2,3,1
Banke,Achham,6,0,81,126,45,81,126,45,81,126,45,81,126,45,81,126,45
Banke,Arghakhanchi,6,1,108,173,65,108,173,65,108,173,65,108,173,65,108,173,65
Banke,Baglung,6,2,39,78,39,39,78,39,39,78,39,39,78,39,39,78,39
Banke,Baitadi,6,3,22,46,24,22,46,24,22,46,24,22,46,24,22,46,24
Banke,Bajhang,6,4,1,5,4,1,5,4,1,5,4,1,5,4,1,5,4
Banke,Bajura,6,5,5,11,6,5,11,6,5,11,6,5,11,6,5,11,6
Banke,Banke,6,6,0,0,0,0,0,0,0,0,0,0,0,0,0,0,0
Banke,Bara,6,7,116,159,43,116,159,43,116,159,43,116,159,43,116,159,43
Banke,Bardiya,6,8,7178,10596,3418,6871,10205,3334,5972,8949,2977,5105,7765,2660,4442,6754,2312
Banke,Bhaktapur,6,9,0,0,0,0,0,0,0,0,0,0,0,0,0,0,0
Banke,Bhojpur,6,10,11,16,5,11,16,5,11,16,5,11,16,5,11,16,5
Banke,Chitawan,6,11,372,582,210,372,582,210,372,582,210,372,582,210,372,582,210
Banke,Dadeldhura,6,12,34,58,24,34,58,24,34,58,24,34,58,24,34,58,24
Banke,Dailekh,6,13,718,1214,496,718,1214,496,718,1214,496,718,1214,496,718,1214,496
Banke,Dang,6,14,2123,3418,1295,2123,3418,1295,2123,3418,1295,2119,3411,1292,2103,3381,1278
Banke,Darchula,6,15,8,16,8,8,16,8,8,16,8,8,16,8,8,16,8
Banke,Dhading,6,16,85,141,56,85,141,56,85,141,56,85,141,56,85,141,56
Banke,Dhankuta,6,17,20,42,22,20,42,22,20,42,22,20,42,22,20,42,22
Banke,Dhanusha,6,18,88,166,78,88,166,78,88,166,78,88,166,78,88,166,78
Banke,Dolakha,6,19,13,9,-4,13,9,-4,13,9,-4,13,9,-4,13,9,-4
Banke,Dolpa,6,20,38,76,38,38,76,38,38,76,38,38,76,38,38,76,38
Banke,Doti,6,21,37,59,22,37,59,22,37,59,22,37,59,22,37,59,22
Banke,Gorkha,6,22,85,205,120,85,205,120,85,205,120,85,205,120,85,205,120
Banke,Gulmi,6,23,55,97,42,55,97,42,55,97,42,55,97,42,55,97,42
Banke,Humla,6,24,30,49,19,30,49,19,30,49,19,30,49,19,30,49,19
Banke,Ilam,6,25,32,62,30,32,62,30,32,62,30,32,62,30,32,62,30
Banke,Jajarkot,6,26,254,395,141,254,395,141,254,395,141,254,395,141,254,395,141
Banke,Jhapa,6,27,123,178,55,123,178,55,123,178,55,123,178,55,123,178,55
Banke,Jumla,6,28,37,85,48,37,85,48,37,85,48,37,85,48,37,85,48
Banke,Kabhrepalanchok,6,29,82,127,45,82,127,45,82,127,45,82,127,45,82,127,45
Banke,Kailali,6,30,1250,1859,609,1250,1859,609,1250,1859,609,1250,1859,609,1250,1859,609
Banke,Kalikot,6,31,22,50,28,22,50,28,22,50,28,22,50,28,22,50,28
Banke,Kanchanpur,6,32,520,786,266,520,786,266,520,786,266,520,786,266,520,786,266
Banke,Kapilbastu,6,33,246,406,160,246,406,160,246,406,160,246,406,160,246,406,160
Banke,Kaski,6,34,281,509,228,281,509,228,281,509,228,281,509,228,281,509,228
Banke,Kathmandu,6,35,2892,3025,133,2892,3025,133,2892,3025,133,2892,3025,133,2892,3025,133
Banke,Khotang,6,36,13,24,11,13,24,11,13,24,11,13,24,11,13,24,11
Banke,Lalitpur,6,37,0,0,0,0,0,0,0,0,0,0,0,0,0,0,0
Banke,Lamjung,6,38,40,66,26,40,66,26,40,66,26,40,66,26,40,66,26
Banke,Mahottari,6,39,63,94,31,63,94,31,63,94,31,63,94,31,63,94,31
Banke,Makawanpur,6,40,97,198,101,97,198,101,97,198,101,97,198,101,97,198,101
Banke,Manang,6,41,0,1,1,0,1,1,0,1,1,0,1,1,0,1,1
Banke,Morang,6,42,117,200,83,117,200,83,117,200,83,117,200,83,117,200,83
Banke,Mugu,6,43,35,67,32,35,67,32,35,67,32,35,67,32,35,67,32
Banke,Mustang,6,44,2,14,12,2,14,12,2,14,12,2,14,12,2,14,12
Banke,Myagdi,6,45,16,25,9,16,25,9,16,25,9,16,25,9,16,25,9
Banke,Nawalparasi,6,46,278,474,196,278,474,196,278,474,196,278,474,196,278,474,196
Banke,Nuwakot,6,47,39,59,20,39,59,20,39,59,20,39,59,20,39,59,20
Banke,Okhaldhunga,6,48,8,12,4,8,12,4,8,12,4,8,12,4,8,12,4
Banke,Palpa,6,49,59,109,50,59,109,50,59,109,50,59,109,50,59,109,50
Banke,Panchthar,6,50,18,14,-4,18,14,-4,18,14,-4,18,14,-4,18,14,-4
Banke,Parbat,6,51,40,67,27,40,67,27,40,67,27,40,67,27,40,67,27
Banke,Parsa,6,52,121,220,99,121,220,99,121,220,99,121,220,99,121,220,99
Banke,Pyuthan,6,53,145,261,116,145,261,116,145,261,116,145,261,116,145,261,116
Banke,Ramechhap,6,54,6,9,3,6,9,3,6,9,3,6,9,3,6,9,3
Banke,Rasuwa,6,55,6,4,-2,6,4,-2,6,4,-2,6,4,-2,6,4,-2
Banke,Rautahat,6,56,74,137,63,74,137,63,74,137,63,74,137,63,74,137,63
Banke,Rolpa,6,57,131,182,51,131,182,51,131,182,51,131,182,51,131,182,51
Banke,Rukum,6,58,238,497,259,238,497,259,238,497,259,238,497,259,238,497,259
Banke,Rupandehi,6,59,516,866,350,516,866,350,516,866,350,516,866,350,516,866,350
Banke,Salyan,6,60,732,1155,423,732,1155,423,732,1155,423,732,1155,423,714,1130,416
Banke,Sankhuwasabha,6,61,5,19,14,5,19,14,5,19,14,5,19,14,5,19,14
Banke,Saptari,6,62,86,122,36,86,122,36,86,122,36,86,122,36,86,122,36
Banke,Sarlahi,6,63,81,134,53,81,134,53,81,134,53,81,134,53,81,134,53
Banke,Sindhuli,6,64,32,66,34,32,66,34,32,66,34,32,66,34,32,66,34
Banke,Sindhupalchok,6,65,33,38,5,33,38,5,33,38,5,33,38,5,33,38,5
Banke,Siraha,6,66,61,68,7,61,68,7,61,68,7,61,68,7,61,68,7
Banke,Solukhumbu,6,67,11,9,-2,11,9,-2,11,9,-2,11,9,-2,11,9,-2
Banke,Sunsari,6,68,103,166,63,103,166,63,103,166,63,103,166,63,103,166,63
Banke,Surkhet,6,69,2588,4237,1649,2588,4237,1649,2588,4237,1649,2588,4237,1649,2531,4146,1615
Banke,Syangja,6,70,85,160,75,85,160,75,85,160,75,85,160,75,85,160,75
Banke,Tanahu,6,71,96,199,103,96,199,103,96,199,103,96,199,103,96,199,103
Banke,Taplejung,6,72,3,3,0,3,3,0,3,3,0,3,3,0,3,3,0
Banke,Terhathum,6,73,8,9,1,8,9,1,8,9,1,8,9,1,8,9,1
Banke,Udayapur,6,74,30,49,19,30,49,19,30,49,19,30,49,19,30,49,19
Bara,Achham,7,0,3,4,1,3,4,1,3,4,1,3,4,1,3,4,1
Bara,Arghakhanchi,7,1,23,48,25,23,48,25,23,48,25,23,48,25,23,48,25
Bara,Baglung,7,2,47,92,45,47,92,45,47,92,45,47,92,45,47,92,45
Bara,Baitadi,7,3,5,8,3,5,8,3,5,8,3,5,8,3,5,8,3
Bara,Bajhang,7,4,1,0,-1,1,0,-1,1,0,-1,1,0,-1,1,0,-1
Bara,Bajura,7,5,0,0,0,0,0,0,0,0,0,0,0,0,0,0,0
Bara,Banke,7,6,113,168,55,113,168,55,113,168,55,113,168,55,113,168,55
Bara,Bara,7,7,0,0,0,0,0,0,0,0,0,0,0,0,0,0,0
Bara,Bardiya,7,8,44,89,45,44,89,45,44,89,45,44,89,45,44,89,45
Bara,Bhaktapur,7,9,0,0,0,0,0,0,0,0,0,0,0,0,0,0,0
Bara,Bhojpur,7,10,8,23,15,8,23,15,8,23,15,8,23,15,8,23,15
Bara,Chitawan,7,11,2430,3219,789,2430,3219,789,2430,3219,789,2430,3219,789,2430,3219,789
Bara,Dadeldhura,7,12,5,6,1,5,6,1,5,6,1,5,6,1,5,6,1
Bara,Dailekh,7,13,14,21,7,14,21,7,14,21,7,14,21,7,14,21,7
Bara,Dang,7,14,106,223,117,106,223,117,106,223,117,106,223,117,106,223,117
Bara,Darchula,7,15,5,6,1,5,6,1,5,6,1,5,6,1,5,6,1
Bara,Dhading,7,16,370,474,104,370,474,104,370,474,104,370,474,104,370,474,104
Bara,Dhankuta,7,17,22,45,23,22,45,23,22,45,23,22,45,23,22,45,23
Bara,Dhanusha,7,18,673,948,275,673,948,275,673,948,275,673,948,275,673,948,275
Bara,Dolakha,7,19,49,26,-23,49,26,-23,49,26,-23,49,26,-23,49,26,-23
Bara,Dolpa,7,20,0,1,1,0,1,1,0,1,1,0,1,1,0,1,1
Bara,Doti,7,21,10,13,3,10,13,3,10,13,3,10,13,3,10,13,3
Bara,Gorkha,7,22,251,438,187,251,438,187,251,438,187,251,438,187,251,438,187
Bara,Gulmi,7,23,23,55,32,23,55,32,23,55,32,23,55,32,23,55,32
Bara,Humla,7,24,1,1,0,1,1,0,1,1,0,1,1,0,1,1,0
Bara,Ilam,7,25,45,84,39,45,84,39,45,84,39,45,84,39,45,84,39
Bara,Jajarkot,7,26,3,1,-2,3,1,-2,3,1,-2,3,1,-2,3,1,-2
Bara,Jhapa,7,27,295,522,227,295,522,227,295,522,227,295,522,227,295,522,227
Bara,Jumla,7,28,0,0,0,0,0,0,0,0,0,0,0,0,0,0,0
Bara,Kabhrepalanchok,7,29,273,404,131,273,404,131,273,404,131,273,404,131,273,404,131
Bara,Kailali,7,30,89,142,53,89,142,53,89,142,53,89,142,53,89,142,53
Bara,Kalikot,7,31,1,1,0,1,1,0,1,1,0,1,1,0,1,1,0
Bara,Kanchanpur,7,32,41,70,29,41,70,29,41,70,29,41,70,29,41,70,29
Bara,Kapilbastu,7,33,59,124,65,59,124,65,59,124,65,59,124,65,59,124,65
Bara,Kaski,7,34,664,913,249,664,913,249,664,913,249,664,913,249,664,913,249
Bara,Kathmandu,7,35,7442,6212,-1230,7442,6212,-1230,7442,6212,-1230,7442,6212,-1230,7442,6212,-1230
Bara,Khotang,7,36,34,35,1,34,35,1,34,35,1,34,35,1,34,35,1
Bara,Lalitpur,7,37,0,0,0,0,0,0,0,0,0,0,0,0,0,0,0
Bara,Lamjung,7,38,116,118,2,116,118,2,116,118,2,116,118,2,116,118,2
Bara,Mahottari,7,39,407,695,288,407,695,288,407,695,288,407,695,288,407,695,288
Bara,Makawanpur,7,40,2848,3852,1004,2848,3852,1004,2837,3824,987,2590,3522,932,2452,3282,830
Bara,Manang,7,41,5,1,-4,5,1,-4,5,1,-4,5,1,-4,5,1,-4
Bara,Morang,7,42,352,608,256,352,608,256,352,608,256,352,608,256,352,608,256
Bara,Mugu,7,43,0,0,0,0,0,0,0,0,0,0,0,0,0,0,0
Bara,Mustang,7,44,4,4,0,4,4,0,4,4,0,4,4,0,4,4,0
Bara,Myagdi,7,45,34,43,9,34,43,9,34,43,9,34,43,9,34,43,9
Bara,Nawalparasi,7,46,750,936,186,750,936,186,750,936,186,750,936,186,750,936,186
Bara,Nuwakot,7,47,139,179,40,139,179,40,139,179,40,139,179,40,139,179,40
Bara,Okhaldhunga,7,48,11,20,9,11,20,9,11,20,9,11,20,9,11,20,9
Bara,Palpa,7,49,41,67,26,41,67,26,41,67,26,41,67,26,41,67,26
Bara,Panchthar,7,50,28,50,22,28,50,22,28,50,22,28,50,22,28,50,22
Bara,Parbat,7,51,35,54,19,35,54,19,35,54,19,35,54,19,35,54,19
Bara,Parsa,7,52,18335,25521,7186,14259,20650,6391,10561,15814,5253,6339,9737,3398,4360,6835,2475
Bara,Pyuthan,7,53,13,25,12,13,25,12,13,25,12,13,25,12,13,25,12
Bara,Ramechhap,7,54,28,44,16,28,44,16,28,44,16,28,44,16,28,44,16
Bara,Rasuwa,7,55,15,3,-12,15,3,-12,15,3,-12,15,3,-12,15,3,-12
Bara,Rautahat,7,56,7184,12353,5169,6733,11563,4830,5723,9902,4179,4542,7973,3431,3306,5793,2487
Bara,Rolpa,7,57,19,14,-5,19,14,-5,19,14,-5,19,14,-5,19,14,-5
Bara,Rukum,7,58,6,9,3,6,9,3,6,9,3,6,9,3,6,9,3
Bara,Rupandehi,7,59,376,598,222,376,598,222,376,598,222,376,598,222,376,598,222
Bara,Salyan,7,60,5,9,4,5,9,4,5,9,4,5,9,4,5,9,4
Bara,Sankhuwasabha,7,61,11,33,22,11,33,22,11,33,22,11,33,22,11,33,22
Bara,Saptari,7,62,189,308,119,189,308,119,189,308,119,189,308,119,189,308,119
Bara,Sarlahi,7,63,1514,2524,1010,1514,2524,1010,1514,2524,1010,1514,2524,1010,1514,2524,1010
Bara,Sindhuli,7,64,245,392,147,245,392,147,245,392,147,245,392,147,245,392,147
Bara,Sindhupalchok,7,65,75,113,38,75,113,38,75,113,38,75,113,38,75,113,38
Bara,Siraha,7,66,222,327,105,222,327,105,222,327,105,222,327,105,222,327,105
Bara,Solukhumbu,7,67,10,18,8,10,18,8,10,18,8,10,18,8,10,18,8
Bara,Sunsari,7,68,361,496,135,361,496,135,361,496,135,361,496,135,361,496,135
Bara,Surkhet,7,69,68,92,24,68,92,24,68,92,24,68,92,24,68,92,24
Bara,Syangja,7,70,90,143,53,90,143,53,90,143,53,90,143,53,90,143,53
Bara,Tanahu,7,71,315,428,113,315,428,113,315,428,113,315,428,113,315,428,113
Bara,Taplejung,7,72,3,10,7,3,10,7,3,10,7,3,10,7,3,10,7
Bara,Terhathum,7,73,6,21,15,6,21,15,6,21,15,6,21,15,6,21,15
Bara,Udayapur,7,74,108,196,88,108,196,88,108,196,88,108,196,88,108,196,88
Bardiya,Achham,8,0,59,140,81,59,140,81,59,140,81,59,140,81,59,140,81
Bardiya,Arghakhanchi,8,1,56,97,41,56,97,41,56,97,41,56,97,41,56,97,41
Bardiya,Baglung,8,2,47,80,33,47,80,33,47,80,33,47,80,33,47,80,33
Bardiya,Baitadi,8,3,38,54,16,38,54,16,38,54,16,38,54,16,38,54,16
Bardiya,Bajhang,8,4,0,2,2,0,2,2,0,2,2,0,2,2,0,2,2
Bardiya,Bajura,8,5,3,5,2,3,5,2,3,5,2,3,5,2,3,5,2
Bardiya,Banke,8,6,7975,10438,2463,7672,10074,2402,6742,8888,2146,5863,7699,1836,5177,6735,1558
Bardiya,Bara,8,7,56,80,24,56,80,24,56,80,24,56,80,24,56,80,24
Bardiya,Bardiya,8,8,0,0,0,0,0,0,0,0,0,0,0,0,0,0,0
Bardiya,Bhaktapur,8,9,0,0,0,0,0,0,0,0,0,0,0,0,0,0,0
Bardiya,Bhojpur,8,10,6,13,7,6,13,7,6,13,7,6,13,7,6,13,7
Bardiya,Chitawan,8,11,390,631,241,390,631,241,390,631,241,390,631,241,390,631,241
Bardiya,Dadeldhura,8,12,22,42,20,22,42,20,22,42,20,22,42,20,22,42,20
Bardiya,Dailekh,8,13,449,772,323,449,772,323,449,772,323,449,772,323,449,772,323
Bardiya,Dang,8,14,901,1328,427,901,1328,427,901,1328,427,901,1328,427,901,1328,427
Bardiya,Darchula,8,15,30,50,20,30,50,20,30,50,20,30,50,20,30,50,20
Bardiya,Dhading,8,16,70,113,43,70,113,43,70,113,43,70,113,43,70,113,43
Bardiya,Dhankuta,8,17,13,23,10,13,23,10,13,23,10,13,23,10,13,23,10
Bardiya,Dhanusha,8,18,45,75,30,45,75,30,45,75,30,45,75,30,45,75,30
Bardiya,Dolakha,8,19,21,10,-11,21,10,-11,21,10,-11,21,10,-11,21,10,-11
Bardiya,Dolpa,8,20,4,12,8,4,12,8,4,12,8,4,12,8,4,12,8
Bardiya,Doti,8,21,27,44,17,27,44,17,27,44,17,27,44,17,27,44,17
Bardiya,Gorkha,8,22,80,141,61,80,141,61,80,141,61,80,141,61,80,141,61
Bardiya,Gulmi,8,23,29,50,21,29,50,21,29,50,21,29,50,21,29,50,21
Bardiya,Humla,8,24,3,6,3,3,6,3,3,6,3,3,6,3,3,6,3
Bardiya,Ilam,8,25,21,41,20,21,41,20,21,41,20,21,41,20,21,41,20
Bardiya,Jajarkot,8,26,103,135,32,103,135,32,103,135,32,103,135,32,103,135,32
Bardiya,Jhapa,8,27,52,90,38,52,90,38,52,90,38,52,90,38,52,90,38
Bardiya,Jumla,8,28,16,22,6,16,22,6,16,22,6,16,22,6,16,22,6
Bardiya,Kabhrepalanchok,8,29,64,98,34,64,98,34,64,98,34,64,98,34,64,98,34
Bardiya,Kailali,8,30,2602,3812,1210,2602,3812,1210,1986,2892,906,1603,2303,700,1479,2082,603
Bardiya,Kalikot,8,31,22,29,7,22,29,7,22,29,7,22,29,7,22,29,7
Bardiya,Kanchanpur,8,32,533,802,269,533,802,269,533,802,269,533,802,269,533,802,269
Bardiya,Kapilbastu,8,33,129,199,70,129,199,70,129,199,70,129,199,70,129,199,70
Bardiya,Kaski,8,34,448,654,206,448,654,206,448,654,206,448,654,206,448,654,206
Bardiya,Kathmandu,8,35,2515,2225,-290,2515,2225,-290,2515,2225,-290,2515,2225,-290,2515,2225,-290
Bardiya,Khotang,8,36,9,10,1,9,10,1,9,10,1,9,10,1,9,10,1
Bardiya,Lalitpur,8,37,0,0,0,0,0,0,0,0,0,0,0,0,0,0,0
Bardiya,Lamjung,8,38,94,122,28,94,122,28,94,122,28,94,122,28,94,122,28
Bardiya,Mahottari,8,39,32,43,11,32,43,11,32,43,11,32,43,11,32,43,11
Bardiya,Makawanpur,8,40,133,186,53,133,186,53,133,186,53,133,186,53,133,186,53
Bardiya,Manang,8,41,1,2,1,1,2,1,1,2,1,1,2,1,1,2,1
Bardiya,Morang,8,42,65,98,33,65,98,33,65,98,33,65,98,33,65,98,33
Bardiya,Mugu,8,43,7,21,14,7,21,14,7,21,14,7,21,14,7,21,14
Bardiya,Mustang,8,44,6,8,2,6,8,2,6,8,2,6,8,2,6,8,2
Bardiya,Myagdi,8,45,26,24,-2,26,24,-2,26,24,-2,26,24,-2,26,24,-2
Bardiya,Nawalparasi,8,46,241,392,151,241,392,151,241,392,151,241,392,151,241,392,151
Bardiya,Nuwakot,8,47,48,40,-8,48,40,-8,48,40,-8,48,40,-8,48,40,-8
Bardiya,Okhaldhunga,8,48,3,7,4,3,7,4,3,7,4,3,7,4,3,7,4
Bardiya,Palpa,8,49,56,97,41,56,97,41,56,97,41,56,97,41,56,97,41
Bardiya,Panchthar,8,50,25,35,10,25,35,10,25,35,10,25,35,10,25,35,10
Bardiya,Parbat,8,51,60,71,11,60,71,11,60,71,11,60,71,11,60,71,11
Bardiya,Parsa,8,52,43,72,29,43,72,29,43,72,29,43,72,29,43,72,29
Bardiya,Pyuthan,8,53,52,107,55,52,107,55,52,107,55,52,107,55,52,107,55
Bardiya,Ramechhap,8,54,7,12,5,7,12,5,7,12,5,7,12,5,7,12,5
Bardiya,Rasuwa,8,55,18,1,-17,18,1,-17,18,1,-17,18,1,-17,18,1,-17
Bardiya,Rautahat,8,56,26,44,18,26,44,18,26,44,18,26,44,18,26,44,18
Bardiya,Rolpa,8,57,30,62,32,30,62,32,30,62,32,30,62,32,30,62,32
Bardiya,Rukum,8,58,87,136,49,87,136,49,87,136,49,87,136,49,87,136,49
Bardiya,Rupandehi,8,59,504,772,268,504,772,268,504,772,268,504,772,268,504,772,268
Bardiya,Salyan,8,60,204,302,98,204,302,98,204,302,98,204,302,98,204,302,98
Bardiya,Sankhuwasabha,8,61,12,14,2,12,14,2,12,14,2,12,14,2,12,14,2
Bardiya,Saptari,8,62,41,44,3,41,44,3,41,44,3,41,44,3,41,44,3
Bardiya,Sarlahi,8,63,40,82,42,40,82,42,40,82,42,40,82,42,40,82,42
Bardiya,Sindhuli,8,64,41,64,23,41,64,23,41,64,23,41,64,23,41,64,23
Bardiya,Sindhupalchok,8,65,57,33,-24,57,33,-24,57,33,-24,57,33,-24,57,33,-24
Bardiya,Siraha,8,66,23,48,25,23,48,25,23,48,25,23,48,25,23,48,25
Bardiya,Solukhumbu,8,67,6,16,10,6,16,10,6,16,10,6,16,10,6,16,10
Bardiya,Sunsari,8,68,61,117,56,61,117,56,61,117,56,61,117,56,61,117,56
Bardiya,Surkhet,8,69,1393,2173,780,1393,2173,780,1393,2173,780,1368,2132,764,1363,2125,762
Bardiya,Syangja,8,70,130,163,33,130,163,33,130,163,33,130,163,33,130,163,33
Bardiya,Tanahu,8,71,106,151,45,106,151,45,106,151,45,106,151,45,106,151,45
Bardiya,Taplejung,8,72,0,5,5,0,5,5,0,5,5,0,5,5,0,5,5
Bardiya,Terhathum,8,73,7,10,3,7,10,3,7,10,3,7,10,3,7,10,3
Bardiya,Udayapur,8,74,23,40,17,23,40,17,23,40,17,23,40,17,23,40,17
Bhaktapur,Achham,9,0,0,0,0,0,0,0,0,0,0,0,0,0,0,0,0
Bhaktapur,Arghakhanchi,9,1,0,0,0,0,0,0,0,0,0,0,0,0,0,0,0
Bhaktapur,Baglung,9,2,0,0,0,0,0,0,0,0,0,0,0,0,0,0,0
Bhaktapur,Baitadi,9,3,0,0,0,0,0,0,0,0,0,0,0,0,0,0,0
Bhaktapur,Bajhang,9,4,0,0,0,0,0,0,0,0,0,0,0,0,0,0,0
Bhaktapur,Bajura,9,5,0,0,0,0,0,0,0,0,0,0,0,0,0,0,0
Bhaktapur,Banke,9,6,0,0,0,0,0,0,0,0,0,0,0,0,0,0,0
Bhaktapur,Bara,9,7,0,0,0,0,0,0,0,0,0,0,0,0,0,0,0
Bhaktapur,Bardiya,9,8,0,0,0,0,0,0,0,0,0,0,0,0,0,0,0
Bhaktapur,Bhaktapur,9,9,0,0,0,0,0,0,0,0,0,0,0,0,0,0,0
Bhaktapur,Bhojpur,9,10,0,0,0,0,0,0,0,0,0,0,0,0,0,0,0
Bhaktapur,Chitawan,9,11,0,0,0,0,0,0,0,0,0,0,0,0,0,0,0
Bhaktapur,Dadeldhura,9,12,0,0,0,0,0,0,0,0,0,0,0,0,0,0,0
Bhaktapur,Dailekh,9,13,0,0,0,0,0,0,0,0,0,0,0,0,0,0,0
Bhaktapur,Dang,9,14,0,0,0,0,0,0,0,0,0,0,0,0,0,0,0
Bhaktapur,Darchula,9,15,0,0,0,0,0,0,0,0,0,0,0,0,0,0,0
Bhaktapur,Dhading,9,16,0,0,0,0,0,0,0,0,0,0,0,0,0,0,0
Bhaktapur,Dhankuta,9,17,0,0,0,0,0,0,0,0,0,0,0,0,0,0,0
Bhaktapur,Dhanusha,9,18,0,0,0,0,0,0,0,0,0,0,0,0,0,0,0
Bhaktapur,Dolakha,9,19,0,0,0,0,0,0,0,0,0,0,0,0,0,0,0
Bhaktapur,Dolpa,9,20,0,0,0,0,0,0,0,0,0,0,0,0,0,0,0
Bhaktapur,Doti,9,21,0,0,0,0,0,0,0,0,0,0,0,0,0,0,0
Bhaktapur,Gorkha,9,22,0,0,0,0,0,0,0,0,0,0,0,0,0,0,0
Bhaktapur,Gulmi,9,23,0,0,0,0,0,0,0,0,0,0,0,0,0,0,0
Bhaktapur,Humla,9,24,0,0,0,0,0,0,0,0,0,0,0,0,0,0,0
Bhaktapur,Ilam,9,25,0,0,0,0,0,0,0,0,0,0,0,0,0,0,0
Bhaktapur,Jajarkot,9,26,0,0,0,0,0,0,0,0,0,0,0,0,0,0,0
Bhaktapur,Jhapa,9,27,0,0,0,0,0,0,0,0,0,0,0,0,0,0,0
Bhaktapur,Jumla,9,28,0,0,0,0,0,0,0,0,0,0,0,0,0,0,0
Bhaktapur,Kabhrepalanchok,9,29,0,0,0,0,0,0,0,0,0,0,0,0,0,0,0
Bhaktapur,Kailali,9,30,0,0,0,0,0,0,0,0,0,0,0,0,0,0,0
Bhaktapur,Kalikot,9,31,0,0,0,0,0,0,0,0,0,0,0,0,0,0,0
Bhaktapur,Kanchanpur,9,32,0,0,0,0,0,0,0,0,0,0,0,0,0,0,0
Bhaktapur,Kapilbastu,9,33,0,0,0,0,0,0,0,0,0,0,0,0,0,0,0
Bhaktapur,Kaski,9,34,0,0,0,0,0,0,0,0,0,0,0,0,0,0,0
Bhaktapur,Kathmandu,9,35,0,0,0,0,0,0,0,0,0,0,0,0,0,0,0
Bhaktapur,Khotang,9,36,0,0,0,0,0,0,0,0,0,0,0,0,0,0,0
Bhaktapur,Lalitpur,9,37,0,0,0,0,0,0,0,0,0,0,0,0,0,0,0
Bhaktapur,Lamjung,9,38,0,0,0,0,0,0,0,0,0,0,0,0,0,0,0
Bhaktapur,Mahottari,9,39,0,0,0,0,0,0,0,0,0,0,0,0,0,0,0
Bhaktapur,Makawanpur,9,40,0,0,0,0,0,0,0,0,0,0,0,0,0,0,0
Bhaktapur,Manang,9,41,0,0,0,0,0,0,0,0,0,0,0,0,0,0,0
Bhaktapur,Morang,9,42,0,0,0,0,0,0,0,0,0,0,0,0,0,0,0
Bhaktapur,Mugu,9,43,0,0,0,0,0,0,0,0,0,0,0,0,0,0,0
Bhaktapur,Mustang,9,44,0,0,0,0,0,0,0,0,0,0,0,0,0,0,0
Bhaktapur,Myagdi,9,45,0,0,0,0,0,0,0,0,0,0,0,0,0,0,0
Bhaktapur,Nawalparasi,9,46,0,0,0,0,0,0,0,0,0,0,0,0,0,0,0
Bhaktapur,Nuwakot,9,47,0,0,0,0,0,0,0,0,0,0,0,0,0,0,0
Bhaktapur,Okhaldhunga,9,48,0,0,0,0,0,0,0,0,0,0,0,0,0,0,0
Bhaktapur,Palpa,9,49,0,0,0,0,0,0,0,0,0,0,0,0,0,0,0
Bhaktapur,Panchthar,9,50,0,0,0,0,0,0,0,0,0,0,0,0,0,0,0
Bhaktapur,Parbat,9,51,0,0,0,0,0,0,0,0,0,0,0,0,0,0,0
Bhaktapur,Parsa,9,52,0,0,0,0,0,0,0,0,0,0,0,0,0,0,0
Bhaktapur,Pyuthan,9,53,0,0,0,0,0,0,0,0,0,0,0,0,0,0,0
Bhaktapur,Ramechhap,9,54,0,0,0,0,0,0,0,0,0,0,0,0,0,0,0
Bhaktapur,Rasuwa,9,55,0,0,0,0,0,0,0,0,0,0,0,0,0,0,0
Bhaktapur,Rautahat,9,56,0,0,0,0,0,0,0,0,0,0,0,0,0,0,0
Bhaktapur,Rolpa,9,57,0,0,0,0,0,0,0,0,0,0,0,0,0,0,0
Bhaktapur,Rukum,9,58,0,0,0,0,0,0,0,0,0,0,0,0,0,0,0
Bhaktapur,Rupandehi,9,59,0,0,0,0,0,0,0,0,0,0,0,0,0,0,0
Bhaktapur,Salyan,9,60,0,0,0,0,0,0,0,0,0,0,0,0,0,0,0
Bhaktapur,Sankhuwasabha,9,61,0,0,0,0,0,0,0,0,0,0,0,0,0,0,0
Bhaktapur,Saptari,9,62,0,0,0,0,0,0,0,0,0,0,0,0,0,0,0
Bhaktapur,Sarlahi,9,63,0,0,0,0,0,0,0,0,0,0,0,0,0,0,0
Bhaktapur,Sindhuli,9,64,0,0,0,0,0,0,0,0,0,0,0,0,0,0,0
Bhaktapur,Sindhupalchok,9,65,0,0,0,0,0,0,0,0,0,0,0,0,0,0,0
Bhaktapur,Siraha,9,66,0,0,0,0,0,0,0,0,0,0,0,0,0,0,0
Bhaktapur,Solukhumbu,9,67,0,0,0,0,0,0,0,0,0,0,0,0,0,0,0
Bhaktapur,Sunsari,9,68,0,0,0,0,0,0,0,0,0,0,0,0,0,0,0
Bhaktapur,Surkhet,9,69,0,0,0,0,0,0,0,0,0,0,0,0,0,0,0
Bhaktapur,Syangja,9,70,0,0,0,0,0,0,0,0,0,0,0,0,0,0,0
Bhaktapur,Tanahu,9,71,0,0,0,0,0,0,0,0,0,0,0,0,0,0,0
Bhaktapur,Taplejung,9,72,0,0,0,0,0,0,0,0,0,0,0,0,0,0,0
Bhaktapur,Terhathum,9,73,0,0,0,0,0,0,0,0,0,0,0,0,0,0,0
Bhaktapur,Udayapur,9,74,0,0,0,0,0,0,0,0,0,0,0,0,0,0,0
Bhojpur,Achham,10,0,4,1,-3,4,1,-3,4,1,-3,4,1,-3,4,1,-3
Bhojpur,Arghakhanchi,10,1,0,0,0,0,0,0,0,0,0,0,0,0,0,0,0
Bhojpur,Baglung,10,2,2,3,1,2,3,1,2,3,1,2,3,1,2,3,1
Bhojpur,Baitadi,10,3,0,1,1,0,1,1,0,1,1,0,1,1,0,1,1
Bhojpur,Bajhang,10,4,0,0,0,0,0,0,0,0,0,0,0,0,0,0,0
Bhojpur,Bajura,10,5,0,1,1,0,1,1,0,1,1,0,1,1,0,1,1
Bhojpur,Banke,10,6,7,8,1,7,8,1,7,8,1,7,8,1,7,8,1
Bhojpur,Bara,10,7,12,23,11,12,23,11,12,23,11,12,23,11,12,23,11
Bhojpur,Bardiya,10,8,8,9,1,8,9,1,8,9,1,8,9,1,8,9,1
Bhojpur,Bhaktapur,10,9,0,0,0,0,0,0,0,0,0,0,0,0,0,0,0
Bhojpur,Bhojpur,10,10,0,0,0,0,0,0,0,0,0,0,0,0,0,0,0
Bhojpur,Chitawan,10,11,40,53,13,40,53,13,40,53,13,40,53,13,40,53,13
Bhojpur,Dadeldhura,10,12,0,0,0,0,0,0,0,0,0,0,0,0,0,0,0
Bhojpur,Dailekh,10,13,1,1,0,1,1,0,1,1,0,1,1,0,1,1,0
Bhojpur,Dang,10,14,8,14,6,8,14,6,8,14,6,8,14,6,8,14,6
Bhojpur,Darchula,10,15,2,0,-2,2,0,-2,2,0,-2,2,0,-2,2,0,-2
Bhojpur,Dhading,10,16,16,23,7,16,23,7,16,23,7,16,23,7,16,23,7
Bhojpur,Dhankuta,10,17,1975,2685,710,1975,2685,710,1975,2685,710,1729,2328,599,1114,1635,521
Bhojpur,Dhanusha,10,18,26,28,2,26,28,2,26,28,2,26,28,2,26,28,2
Bhojpur,Dolakha,10,19,6,6,0,6,6,0,6,6,0,6,6,0,6,6,0
Bhojpur,Dolpa,10,20,0,0,0,0,0,0,0,0,0,0,0,0,0,0,0
Bhojpur,Doti,10,21,3,3,0,3,3,0,3,3,0,3,3,0,3,3,0
Bhojpur,Gorkha,10,22,14,15,1,14,15,1,14,15,1,14,15,1,14,15,1
Bhojpur,Gulmi,10,23,1,4,3,1,4,3,1,4,3,1,4,3,1,4,3
Bhojpur,Humla,10,24,0,0,0,0,0,0,0,0,0,0,0,0,0,0,0
Bhojpur,Ilam,10,25,59,100,41,59,100,41,59,100,41,59,100,41,59,100,41
Bhojpur,Jajarkot,10,26,0,0,0,0,0,0,0,0,0,0,0,0,0,0,0
Bhojpur,Jhapa,10,27,327,560,233,327,560,233,327,560,233,327,560,233,327,560,233
Bhojpur,Jumla,10,28,0,1,1,0,1,1,0,1,1,0,1,1,0,1,1
Bhojpur,Kabhrepalanchok,10,29,18,37,19,18,37,19,18,37,19,18,37,19,18,37,19
Bhojpur,Kailali,10,30,14,20,6,14,20,6,14,20,6,14,20,6,14,20,6
Bhojpur,Kalikot,10,31,0,0,0,0,0,0,0,0,0,0,0,0,0,0,0
Bhojpur,Kanchanpur,10,32,5,10,5,5,10,5,5,10,5,5,10,5,5,10,5
Bhojpur,Kapilbastu,10,33,9,11,2,9,11,2,9,11,2,9,11,2,9,11,2
Bhojpur,Kaski,10,34,40,62,22,40,62,22,40,62,22,40,62,22,40,62,22
Bhojpur,Kathmandu,10,35,909,1157,248,909,1157,248,909,1157,248,909,1157,248,909,1157,248
Bhojpur,Khotang,10,36,244,388,144,244,388,144,244,388,144,244,388,144,170,263,93
Bhojpur,Lalitpur,10,37,0,0,0,0,0,0,0,0,0,0,0,0,0,0,0
Bhojpur,Lamjung,10,38,3,10,7,3,10,7,3,10,7,3,10,7,3,10,7
Bhojpur,Mahottari,10,39,8,18,10,8,18,10,8,18,10,8,18,10,8,18,10
Bhojpur,Makawanpur,10,40,19,47,28,19,47,28,19,47,28,19,47,28,19,47,28
Bhojpur,Manang,10,41,0,0,0,0,0,0,0,0,0,0,0,0,0,0,0
Bhojpur,Morang,10,42,893,1467,574,893,1467,574,893,1467,574,893,1467,574,893,1467,574
Bhojpur,Mugu,10,43,0,0,0,0,0,0,0,0,0,0,0,0,0,0,0
Bhojpur,Mustang,10,44,0,0,0,0,0,0,0,0,0,0,0,0,0,0,0
Bhojpur,Myagdi,10,45,1,7,6,1,7,6,1,7,6,1,7,6,1,7,6
Bhojpur,Nawalparasi,10,46,16,32,16,16,32,16,16,32,16,16,32,16,16,32,16
Bhojpur,Nuwakot,10,47,6,9,3,6,9,3,6,9,3,6,9,3,6,9,3
Bhojpur,Okhaldhunga,10,48,5,17,12,5,17,12,5,17,12,5,17,12,5,17,12
Bhojpur,Palpa,10,49,5,9,4,5,9,4,5,9,4,5,9,4,5,9,4
Bhojpur,Panchthar,10,50,29,65,36,29,65,36,29,65,36,29,65,36,29,65,36
Bhojpur,Parbat,10,51,2,7,5,2,7,5,2,7,5,2,7,5,2,7,5
Bhojpur,Parsa,10,52,5,12,7,5,12,7,5,12,7,5,12,7,5,12,7
Bhojpur,Pyuthan,10,53,3,2,-1,3,2,-1,3,2,-1,3,2,-1,3,2,-1
Bhojpur,Ramechhap,10,54,2,5,3,2,5,3,2,5,3,2,5,3,2,5,3
Bhojpur,Rasuwa,10,55,3,2,-1,3,2,-1,3,2,-1,3,2,-1,3,2,-1
Bhojpur,Rautahat,10,56,9,11,2,9,11,2,9,11,2,9,11,2,9,11,2
Bhojpur,Rolpa,10,57,0,3,3,0,3,3,0,3,3,0,3,3,0,3,3
Bhojpur,Rukum,10,58,2,0,-2,2,0,-2,2,0,-2,2,0,-2,2,0,-2
Bhojpur,Rupandehi,10,59,18,32,14,18,32,14,18,32,14,18,32,14,18,32,14
Bhojpur,Salyan,10,60,3,2,-1,3,2,-1,3,2,-1,3,2,-1,3,2,-1
Bhojpur,Sankhuwasabha,10,61,1828,2447,619,1828,2447,619,1438,2000,562,1085,1517,432,592,855,263
Bhojpur,Saptari,10,62,71,90,19,71,90,19,71,90,19,71,90,19,71,90,19
Bhojpur,Sarlahi,10,63,19,21,2,19,21,2,19,21,2,19,21,2,19,21,2
Bhojpur,Sindhuli,10,64,17,23,6,17,23,6,17,23,6,17,23,6,17,23,6
Bhojpur,Sindhupalchok,10,65,15,11,-4,15,11,-4,15,11,-4,15,11,-4,15,11,-4
Bhojpur,Siraha,10,66,37,46,9,37,46,9,37,46,9,37,46,9,37,46,9
Bhojpur,Solukhumbu,10,67,13,24,11,13,24,11,13,24,11,13,24,11,13,24,11
Bhojpur,Sunsari,10,68,1420,2099,679,1420,2099,679,1420,2099,679,1420,2099,679,1420,2099,679
Bhojpur,Surkhet,10,69,10,8,-2,10,8,-2,10,8,-2,10,8,-2,10,8,-2
Bhojpur,Syangja,10,70,6,11,5,6,11,5,6,11,5,6,11,5,6,11,5
Bhojpur,Tanahu,10,71,15,21,6,15,21,6,15,21,6,15,21,6,15,21,6
Bhojpur,Taplejung,10,72,3,14,11,3,14,11,3,14,11,3,14,11,3,14,11
Bhojpur,Terhathum,10,73,97,137,40,97,137,40,97,137,40,97,137,40,97,137,40
Bhojpur,Udayapur,10,74,180,263,83,180,263,83,180,263,83,180,263,83,180,263,83
Chitawan,Achham,11,0,6,16,10,6,16,10,6,16,10,6,16,10,6,16,10
Chitawan,Arghakhanchi,11,1,90,148,58,90,148,58,90,148,58,90,148,58,90,148,58
Chitawan,Baglung,11,2,241,552,311,241,552,311,241,552,311,241,552,311,241,552,311
Chitawan,Baitadi,11,3,7,22,15,7,22,15,7,22,15,7,22,15,7,22,15
Chitawan,Bajhang,11,4,1,2,1,1,2,1,1,2,1,1,2,1,1,2,1
Chitawan,Bajura,11,5,3,1,-2,3,1,-2,3,1,-2,3,1,-2,3,1,-2
Chitawan,Banke,11,6,417,611,194,417,611,194,417,611,194,417,611,194,417,611,194
Chitawan,Bara,11,7,2569,4365,1796,2569,4365,1796,2569,4365,1796,2569,4365,1796,2569,4365,1796
Chitawan,Bardiya,11,8,394,702,308,394,702,308,394,702,308,394,702,308,394,702,308
Chitawan,Bhaktapur,11,9,0,0,0,0,0,0,0,0,0,0,0,0,0,0,0
Chitawan,Bhojpur,11,10,44,76,32,44,76,32,44,76,32,44,76,32,44,76,32
Chitawan,Chitawan,11,11,0,0,0,0,0,0,0,0,0,0,0,0,0,0,0
Chitawan,Dadeldhura,11,12,19,18,-1,19,18,-1,19,18,-1,19,18,-1,19,18,-1
Chitawan,Dailekh,11,13,50,77,27,50,77,27,50,77,27,50,77,27,50,77,27
Chitawan,Dang,11,14,377,656,279,377,656,279,377,656,279,377,656,279,377,656,279
Chitawan,Darchula,11,15,12,14,2,12,14,2,12,14,2,12,14,2,12,14,2
Chitawan,Dhading,11,16,1402,2256,854,1402,2256,854,1399,2252,853,1363,2184,821,1231,2037,806
Chitawan,Dhankuta,11,17,117,162,45,117,162,45,117,162,45,117,162,45,117,162,45
Chitawan,Dhanusha,11,18,440,733,293,440,733,293,440,733,293,440,733,293,440,733,293
Chitawan,Dolakha,11,19,89,51,-38,89,51,-38,89,51,-38,89,51,-38,89,51,-38
Chitawan,Dolpa,11,20,2,6,4,2,6,4,2,6,4,2,6,4,2,6,4
Chitawan,Doti,11,21,20,43,23,20,43,23,20,43,23,20,43,23,20,43,23
Chitawan,Gorkha,11,22,3668,7877,4209,3668,7877,4209,3061,7069,4008,2948,6917,3969,2842,6771,3929
Chitawan,Gulmi,11,23,126,272,146,126,272,146,126,272,146,126,272,146,126,272,146
Chitawan,Humla,11,24,5,12,7,5,12,7,5,12,7,5,12,7,5,12,7
Chitawan,Ilam,11,25,141,181,40,141,181,40,141,181,40,141,181,40,141,181,40
Chitawan,Jajarkot,11,26,9,11,2,9,11,2,9,11,2,9,11,2,9,11,2
Chitawan,Jhapa,11,27,688,1138,450,688,1138,450,688,1138,450,688,1138,450,688,1138,450
Chitawan,Jumla,11,28,1,6,5,1,6,5,1,6,5,1,6,5,1,6,5
Chitawan,Kabhrepalanchok,11,29,322,601,279,322,601,279,322,601,279,322,601,279,322,601,279
Chitawan,Kailali,11,30,299,484,185,299,484,185,299,484,185,299,484,185,299,484,185
Chitawan,Kalikot,11,31,2,6,4,2,6,4,2,6,4,2,6,4,2,6,4
Chitawan,Kanchanpur,11,32,212,416,204,212,416,204,212,416,204,212,416,204,212,416,204
Chitawan,Kapilbastu,11,33,294,422,128,294,422,128,294,422,128,294,422,128,294,422,128
Chitawan,Kaski,11,34,2947,4837,1890,2947,4837,1890,2947,4837,1890,2947,4837,1890,2947,4837,1890
Chitawan,Kathmandu,11,35,9933,11101,1168,9933,11101,1168,9933,11101,1168,9933,11101,1168,9933,11101,1168
Chitawan,Khotang,11,36,36,87,51,36,87,51,36,87,51,36,87,51,36,87,51
Chitawan,Lalitpur,11,37,0,0,0,0,0,0,0,0,0,0,0,0,0,0,0
Chitawan,Lamjung,11,38,989,1780,791,989,1780,791,989,1780,791,989,1780,791,989,1780,791
Chitawan,Mahottari,11,39,321,504,183,321,504,183,321,504,183,321,504,183,321,504,183
Chitawan,Makawanpur,11,40,2967,4633,1666,2967,4633,1666,2967,4633,1666,2967,4633,1666,2714,4314,1600
Chitawan,Manang,11,41,6,6,0,6,6,0,6,6,0,6,6,0,6,6,0
Chitawan,Morang,11,42,736,1099,363,736,1099,363,736,1099,363,736,1099,363,736,1099,363
Chitawan,Mugu,11,43,1,3,2,1,3,2,1,3,2,1,3,2,1,3,2
Chitawan,Mustang,11,44,6,21,15,6,21,15,6,21,15,6,21,15,6,21,15
Chitawan,Myagdi,11,45,151,244,93,151,244,93,151,244,93,151,244,93,151,244,93
Chitawan,Nawalparasi,11,46,8296,12487,4191,8296,12487,4191,7791,11824,4033,5632,8678,3046,4440,7001,2561
Chitawan,Nuwakot,11,47,318,504,186,318,504,186,318,504,186,318,504,186,318,504,186
Chitawan,Okhaldhunga,11,48,12,33,21,12,33,21,12,33,21,12,33,21,12,33,21
Chitawan,Palpa,11,49,196,286,90,196,286,90,196,286,90,196,286,90,196,286,90
Chitawan,Panchthar,11,50,56,130,74,56,130,74,56,130,74,56,130,74,56,130,74
Chitawan,Parbat,11,51,289,574,285,289,574,285,289,574,285,289,574,285,289,574,285
Chitawan,Parsa,11,52,2556,4372,1816,2556,4372,1816,2556,4372,1816,2556,4372,1816,2543,4348,1805
Chitawan,Pyuthan,11,53,74,88,14,74,88,14,74,88,14,74,88,14,74,88,14
Chitawan,Ramechhap,11,54,30,60,30,30,60,30,30,60,30,30,60,30,30,60,30
Chitawan,Rasuwa,11,55,38,33,-5,38,33,-5,38,33,-5,38,33,-5,38,33,-5
Chitawan,Rautahat,11,56,954,1800,846,954,1800,846,954,1800,846,954,1800,846,954,1800,846
Chitawan,Rolpa,11,57,50,83,33,50,83,33,50,83,33,50,83,33,50,83,33
Chitawan,Rukum,11,58,23,52,29,23,52,29,23,52,29,23,52,29,23,52,29
Chitawan,Rupandehi,11,59,1720,2739,1019,1720,2739,1019,1720,2739,1019,1720,2739,1019,1720,2739,1019
Chitawan,Salyan,11,60,48,93,45,48,93,45,48,93,45,48,93,45,48,93,45
Chitawan,Sankhuwasabha,11,61,47,103,56,47,103,56,47,103,56,47,103,56,47,103,56
Chitawan,Saptari,11,62,300,478,178,300,478,178,300,478,178,300,478,178,300,478,178
Chitawan,Sarlahi,11,63,825,1524,699,825,1524,699,825,1524,699,825,1524,699,825,1524,699
Chitawan,Sindhuli,11,64,184,343,159,184,343,159,184,343,159,184,343,159,184,343,159
Chitawan,Sindhupalchok,11,65,161,253,92,161,253,92,161,253,92,161,253,92,161,253,92
Chitawan,Siraha,11,66,235,338,103,235,338,103,235,338,103,235,338,103,235,338,103
Chitawan,Solukhumbu,11,67,22,50,28,22,50,28,22,50,28,22,50,28,22,50,28
Chitawan,Sunsari,11,68,675,1007,332,675,1007,332,675,1007,332,675,1007,332,675,1007,332
Chitawan,Surkhet,11,69,150,246,96,150,246,96,150,246,96,150,246,96,150,246,96
Chitawan,Syangja,11,70,592,1055,463,592,1055,463,592,1055,463,592,1055,463,592,1055,463
Chitawan,Tanahu,11,71,3450,5490,2040,3450,5490,2040,3374,5361,1987,3209,5229,2020,3056,5050,1994
Chitawan,Taplejung,11,72,21,19,-2,21,19,-2,21,19,-2,21,19,-2,21,19,-2
Chitawan,Terhathum,11,73,24,52,28,24,52,28,24,52,28,24,52,28,24,52,28
Chitawan,Udayapur,11,74,184,342,158,184,342,158,184,342,158,184,342,158,184,342,158
Dadeldhura,Achham,12,0,28,41,13,28,41,13,28,41,13,28,41,13,28,41,13
Dadeldhura,Arghakhanchi,12,1,1,3,2,1,3,2,1,3,2,1,3,2,1,3,2
Dadeldhura,Baglung,12,2,2,2,0,2,2,0,2,2,0,2,2,0,2,2,0
Dadeldhura,Baitadi,12,3,452,758,306,452,758,306,452,758,306,443,742,299,443,742,299
Dadeldhura,Bajhang,12,4,3,3,0,3,3,0,3,3,0,3,3,0,3,3,0
Dadeldhura,Bajura,12,5,1,2,1,1,2,1,1,2,1,1,2,1,1,2,1
Dadeldhura,Banke,12,6,38,61,23,38,61,23,38,61,23,38,61,23,38,61,23
Dadeldhura,Bara,12,7,6,8,2,6,8,2,6,8,2,6,8,2,6,8,2
Dadeldhura,Bardiya,12,8,27,38,11,27,38,11,27,38,11,27,38,11,27,38,11
Dadeldhura,Bhaktapur,12,9,0,0,0,0,0,0,0,0,0,0,0,0,0,0,0
Dadeldhura,Bhojpur,12,10,0,1,1,0,1,1,0,1,1,0,1,1,0,1,1
Dadeldhura,Chitawan,12,11,18,28,10,18,28,10,18,28,10,18,28,10,18,28,10
Dadeldhura,Dadeldhura,12,12,0,0,0,0,0,0,0,0,0,0,0,0,0,0,0
Dadeldhura,Dailekh,12,13,3,11,8,3,11,8,3,11,8,3,11,8,3,11,8
Dadeldhura,Dang,12,14,26,58,32,26,58,32,26,58,32,26,58,32,26,58,32
Dadeldhura,Darchula,12,15,48,63,15,48,63,15,48,63,15,48,63,15,48,63,15
Dadeldhura,Dhading,12,16,5,10,5,5,10,5,5,10,5,5,10,5,5,10,5
Dadeldhura,Dhankuta,12,17,2,3,1,2,3,1,2,3,1,2,3,1,2,3,1
Dadeldhura,Dhanusha,12,18,6,9,3,6,9,3,6,9,3,6,9,3,6,9,3
Dadeldhura,Dolakha,12,19,4,1,-3,4,1,-3,4,1,-3,4,1,-3,4,1,-3
Dadeldhura,Dolpa,12,20,0,0,0,0,0,0,0,0,0,0,0,0,0,0,0
Dadeldhura,Doti,12,21,453,645,192,453,645,192,380,557,177,336,494,158,289,426,137
Dadeldhura,Gorkha,12,22,5,17,12,5,17,12,5,17,12,5,17,12,5,17,12
Dadeldhura,Gulmi,12,23,1,6,5,1,6,5,1,6,5,1,6,5,1,6,5
Dadeldhura,Humla,12,24,0,1,1,0,1,1,0,1,1,0,1,1,0,1,1
Dadeldhura,Ilam,12,25,3,2,-1,3,2,-1,3,2,-1,3,2,-1,3,2,-1
Dadeldhura,Jajarkot,12,26,0,0,0,0,0,0,0,0,0,0,0,0,0,0,0
Dadeldhura,Jhapa,12,27,7,10,3,7,10,3,7,10,3,7,10,3,7,10,3
Dadeldhura,Jumla,12,28,0,0,0,0,0,0,0,0,0,0,0,0,0,0,0
Dadeldhura,Kabhrepalanchok,12,29,4,11,7,4,11,7,4,11,7,4,11,7,4,11,7
Dadeldhura,Kailali,12,30,661,995,334,661,995,334,661,995,334,661,995,334,652,990,338
Dadeldhura,Kalikot,12,31,0,2,2,0,2,2,0,2,2,0,2,2,0,2,2
Dadeldhura,Kanchanpur,12,32,867,1469,602,867,1469,602,867,1469,602,867,1469,602,856,1442,586
Dadeldhura,Kapilbastu,12,33,5,13,8,5,13,8,5,13,8,5,13,8,5,13,8
Dadeldhura,Kaski,12,34,11,15,4,11,15,4,11,15,4,11,15,4,11,15,4
Dadeldhura,Kathmandu,12,35,182,270,88,182,270,88,182,270,88,182,270,88,182,270,88
Dadeldhura,Khotang,12,36,3,4,1,3,4,1,3,4,1,3,4,1,3,4,1
Dadeldhura,Lalitpur,12,37,0,0,0,0,0,0,0,0,0,0,0,0,0,0,0
Dadeldhura,Lamjung,12,38,4,8,4,4,8,4,4,8,4,4,8,4,4,8,4
Dadeldhura,Mahottari,12,39,6,6,0,6,6,0,6,6,0,6,6,0,6,6,0
Dadeldhura,Makawanpur,12,40,3,13,10,3,13,10,3,13,10,3,13,10,3,13,10
Dadeldhura,Manang,12,41,0,0,0,0,0,0,0,0,0,0,0,0,0,0,0
Dadeldhura,Morang,12,42,7,12,5,7,12,5,7,12,5,7,12,5,7,12,5
Dadeldhura,Mugu,12,43,1,0,-1,1,0,-1,1,0,-1,1,0,-1,1,0,-1
Dadeldhura,Mustang,12,44,0,1,1,0,1,1,0,1,1,0,1,1,0,1,1
Dadeldhura,Myagdi,12,45,0,1,1,0,1,1,0,1,1,0,1,1,0,1,1
Dadeldhura,Nawalparasi,12,46,9,18,9,9,18,9,9,18,9,9,18,9,9,18,9
Dadeldhura,Nuwakot,12,47,3,1,-2,3,1,-2,3,1,-2,3,1,-2,3,1,-2
Dadeldhura,Okhaldhunga,12,48,3,2,-1,3,2,-1,3,2,-1,3,2,-1,3,2,-1
Dadeldhura,Palpa,12,49,2,7,5,2,7,5,2,7,5,2,7,5,2,7,5
Dadeldhura,Panchthar,12,50,2,3,1,2,3,1,2,3,1,2,3,1,2,3,1
Dadeldhura,Parbat,12,51,2,7,5,2,7,5,2,7,5,2,7,5,2,7,5
Dadeldhura,Parsa,12,52,2,4,2,2,4,2,2,4,2,2,4,2,2,4,2
Dadeldhura,Pyuthan,12,53,4,7,3,4,7,3,4,7,3,4,7,3,4,7,3
Dadeldhura,Ramechhap,12,54,0,1,1,0,1,1,0,1,1,0,1,1,0,1,1
Dadeldhura,Rasuwa,12,55,0,0,0,0,0,0,0,0,0,0,0,0,0,0,0
Dadeldhura,Rautahat,12,56,1,2,1,1,2,1,1,2,1,1,2,1,1,2,1
Dadeldhura,Rolpa,12,57,2,4,2,2,4,2,2,4,2,2,4,2,2,4,2
Dadeldhura,Rukum,12,58,6,4,-2,6,4,-2,6,4,-2,6,4,-2,6,4,-2
Dadeldhura,Rupandehi,12,59,22,24,2,22,24,2,22,24,2,22,24,2,22,24,2
Dadeldhura,Salyan,12,60,7,6,-1,7,6,-1,7,6,-1,7,6,-1,7,6,-1
Dadeldhura,Sankhuwasabha,12,61,0,0,0,0,0,0,0,0,0,0,0,0,0,0,0
Dadeldhura,Saptari,12,62,4,8,4,4,8,4,4,8,4,4,8,4,4,8,4
Dadeldhura,Sarlahi,12,63,2,9,7,2,9,7,2,9,7,2,9,7,2,9,7
Dadeldhura,Sindhuli,12,64,5,7,2,5,7,2,5,7,2,5,7,2,5,7,2
Dadeldhura,Sindhupalchok,12,65,2,5,3,2,5,3,2,5,3,2,5,3,2,5,3
Dadeldhura,Siraha,12,66,0,9,9,0,9,9,0,9,9,0,9,9,0,9,9
Dadeldhura,Solukhumbu,12,67,1,5,4,1,5,4,1,5,4,1,5,4,1,5,4
Dadeldhura,Sunsari,12,68,6,10,4,6,10,4,6,10,4,6,10,4,6,10,4
Dadeldhura,Surkhet,12,69,12,27,15,12,27,15,12,27,15,12,27,15,12,27,15
Dadeldhura,Syangja,12,70,4,10,6,4,10,6,4,10,6,4,10,6,4,10,6
Dadeldhura,Tanahu,12,71,9,15,6,9,15,6,9,15,6,9,15,6,9,15,6
Dadeldhura,Taplejung,12,72,0,1,1,0,1,1,0,1,1,0,1,1,0,1,1
Dadeldhura,Terhathum,12,73,2,3,1,2,3,1,2,3,1,2,3,1,2,3,1
Dadeldhura,Udayapur,12,74,4,10,6,4,10,6,4,10,6,4,10,6,4,10,6
Dailekh,Achham,13,0,150,259,109,150,259,109,150,259,109,150,259,109,93,182,89
Dailekh,Arghakhanchi,13,1,10,23,13,10,23,13,10,23,13,10,23,13,10,23,13
Dailekh,Baglung,13,2,10,9,-1,10,9,-1,10,9,-1,10,9,-1,10,9,-1
Dailekh,Baitadi,13,3,6,6,0,6,6,0,6,6,0,6,6,0,6,6,0
Dailekh,Bajhang,13,4,0,1,1,0,1,1,0,1,1,0,1,1,0,1,1
Dailekh,Bajura,13,5,1,3,2,1,3,2,1,3,2,1,3,2,1,3,2
Dailekh,Banke,13,6,721,1180,459,721,1180,459,721,1180,459,721,1180,459,721,1180,459
Dailekh,Bara,13,7,13,36,23,13,36,23,13,36,23,13,36,23,13,36,23
Dailekh,Bardiya,13,8,417,778,361,417,778,361,417,778,361,417,778,361,417,778,361
Dailekh,Bhaktapur,13,9,0,0,0,0,0,0,0,0,0,0,0,0,0,0,0
Dailekh,Bhojpur,13,10,1,2,1,1,2,1,1,2,1,1,2,1,1,2,1
Dailekh,Chitawan,13,11,36,66,30,36,66,30,36,66,30,36,66,30,36,66,30
Dailekh,Dadeldhura,13,12,8,9,1,8,9,1,8,9,1,8,9,1,8,9,1
Dailekh,Dailekh,13,13,0,0,0,0,0,0,0,0,0,0,0,0,0,0,0
Dailekh,Dang,13,14,87,138,51,87,138,51,87,138,51,87,138,51,87,138,51
Dailekh,Darchula,13,15,2,0,-2,2,0,-2,2,0,-2,2,0,-2,2,0,-2
Dailekh,Dhading,13,16,19,17,-2,19,17,-2,19,17,-2,19,17,-2,19,17,-2
Dailekh,Dhankuta,13,17,7,17,10,7,17,10,7,17,10,7,17,10,7,17,10
Dailekh,Dhanusha,13,18,13,25,12,13,25,12,13,25,12,13,25,12,13,25,12
Dailekh,Dolakha,13,19,6,0,-6,6,0,-6,6,0,-6,6,0,-6,6,0,-6
Dailekh,Dolpa,13,20,5,2,-3,5,2,-3,5,2,-3,5,2,-3,5,2,-3
Dailekh,Doti,13,21,11,17,6,11,17,6,11,17,6,11,17,6,11,17,6
Dailekh,Gorkha,13,22,22,38,16,22,38,16,22,38,16,22,38,16,22,38,16
Dailekh,Gulmi,13,23,8,19,11,8,19,11,8,19,11,8,19,11,8,19,11
Dailekh,Humla,13,24,4,4,0,4,4,0,4,4,0,4,4,0,4,4,0
Dailekh,Ilam,13,25,6,15,9,6,15,9,6,15,9,6,15,9,6,15,9
Dailekh,Jajarkot,13,26,22,34,12,22,34,12,22,34,12,22,34,12,22,34,12
Dailekh,Jhapa,13,27,15,32,17,15,32,17,15,32,17,15,32,17,15,32,17
Dailekh,Jumla,13,28,17,16,-1,17,16,-1,17,16,-1,17,16,-1,17,16,-1
Dailekh,Kabhrepalanchok,13,29,23,37,14,23,37,14,23,37,14,23,37,14,23,37,14
Dailekh,Kailali,13,30,174,366,192,174,366,192,174,366,192,174,366,192,174,366,192
Dailekh,Kalikot,13,31,32,57,25,32,57,25,32,57,25,32,57,25,32,57,25
Dailekh,Kanchanpur,13,32,74,156,82,74,156,82,74,156,82,74,156,82,74,156,82
Dailekh,Kapilbastu,13,33,15,45,30,15,45,30,15,45,30,15,45,30,15,45,30
Dailekh,Kaski,13,34,37,61,24,37,61,24,37,61,24,37,61,24,37,61,24
Dailekh,Kathmandu,13,35,499,506,7,499,506,7,499,506,7,499,506,7,499,506,7
Dailekh,Khotang,13,36,9,3,-6,9,3,-6,9,3,-6,9,3,-6,9,3,-6
Dailekh,Lalitpur,13,37,0,0,0,0,0,0,0,0,0,0,0,0,0,0,0
Dailekh,Lamjung,13,38,4,5,1,4,5,1,4,5,1,4,5,1,4,5,1
Dailekh,Mahottari,13,39,7,9,2,7,9,2,7,9,2,7,9,2,7,9,2
Dailekh,Makawanpur,13,40,12,20,8,12,20,8,12,20,8,12,20,8,12,20,8
Dailekh,Manang,13,41,1,0,-1,1,0,-1,1,0,-1,1,0,-1,1,0,-1
Dailekh,Morang,13,42,12,36,24,12,36,24,12,36,24,12,36,24,12,36,24
Dailekh,Mugu,13,43,4,8,4,4,8,4,4,8,4,4,8,4,4,8,4
Dailekh,Mustang,13,44,1,2,1,1,2,1,1,2,1,1,2,1,1,2,1
Dailekh,Myagdi,13,45,3,5,2,3,5,2,3,5,2,3,5,2,3,5,2
Dailekh,Nawalparasi,13,46,26,57,31,26,57,31,26,57,31,26,57,31,26,57,31
Dailekh,Nuwakot,13,47,14,6,-8,14,6,-8,14,6,-8,14,6,-8,14,6,-8
Dailekh,Okhaldhunga,13,48,3,3,0,3,3,0,3,3,0,3,3,0,3,3,0
Dailekh,Palpa,13,49,11,25,14,11,25,14,11,25,14,11,25,14,11,25,14
Dailekh,Panchthar,13,50,4,8,4,4,8,4,4,8,4,4,8,4,4,8,4
Dailekh,Parbat,13,51,3,9,6,3,9,6,3,9,6,3,9,6,3,9,6
Dailekh,Parsa,13,52,11,19,8,11,19,8,11,19,8,11,19,8,11,19,8
Dailekh,Pyuthan,13,53,12,33,21,12,33,21,12,33,21,12,33,21,12,33,21
Dailekh,Ramechhap,13,54,1,3,2,1,3,2,1,3,2,1,3,2,1,3,2
Dailekh,Rasuwa,13,55,1,5,4,1,5,4,1,5,4,1,5,4,1,5,4
Dailekh,Rautahat,13,56,14,9,-5,14,9,-5,14,9,-5,14,9,-5,14,9,-5
Dailekh,Rolpa,13,57,7,18,11,7,18,11,7,18,11,7,18,11,7,18,11
Dailekh,Rukum,13,58,16,26,10,16,26,10,16,26,10,16,26,10,16,26,10
Dailekh,Rupandehi,13,59,57,130,73,57,130,73,57,130,73,57,130,73,57,130,73
Dailekh,Salyan,13,60,29,56,27,29,56,27,29,56,27,29,56,27,29,56,27
Dailekh,Sankhuwasabha,13,61,3,3,0,3,3,0,3,3,0,3,3,0,3,3,0
Dailekh,Saptari,13,62,16,16,0,16,16,0,16,16,0,16,16,0,16,16,0
Dailekh,Sarlahi,13,63,12,23,11,12,23,11,12,23,11,12,23,11,12,23,11
Dailekh,Sindhuli,13,64,12,19,7,12,19,7,12,19,7,12,19,7,12,19,7
Dailekh,Sindhupalchok,13,65,2,7,5,2,7,5,2,7,5,2,7,5,2,7,5
Dailekh,Siraha,13,66,9,12,3,9,12,3,9,12,3,9,12,3,9,12,3
Dailekh,Solukhumbu,13,67,2,2,0,2,2,0,2,2,0,2,2,0,2,2,0
Dailekh,Sunsari,13,68,11,33,22,11,33,22,11,33,22,11,33,22,11,33,22
Dailekh,Surkhet,13,69,2102,3465,1363,2102,3465,1363,1717,2932,1215,1679,2846,1167,1348,2330,982
Dailekh,Syangja,13,70,9,12,3,9,12,3,9,12,3,9,12,3,9,12,3
Dailekh,Tanahu,13,71,18,34,16,18,34,16,18,34,16,18,34,16,18,34,16
Dailekh,Taplejung,13,72,0,1,1,0,1,1,0,1,1,0,1,1,0,1,1
Dailekh,Terhathum,13,73,3,6,3,3,6,3,3,6,3,3,6,3,3,6,3
Dailekh,Udayapur,13,74,9,14,5,9,14,5,9,14,5,9,14,5,9,14,5
Dang,Achham,14,0,17,37,20,17,37,20,17,37,20,17,37,20,17,37,20
Dang,Arghakhanchi,14,1,1843,2733,890,1843,2733,890,1843,2733,890,967,1348,381,899,1269,370
Dang,Baglung,14,2,77,134,57,77,134,57,77,134,57,77,134,57,77,134,57
Dang,Baitadi,14,3,14,20,6,14,20,6,14,20,6,14,20,6,14,20,6
Dang,Bajhang,14,4,1,2,1,1,2,1,1,2,1,1,2,1,1,2,1
Dang,Bajura,14,5,0,8,8,0,8,8,0,8,8,0,8,8,0,8,8
Dang,Banke,14,6,2356,3458,1102,2356,3458,1102,2356,3458,1102,2351,3445,1094,2335,3422,1087
Dang,Bara,14,7,134,203,69,134,203,69,134,203,69,134,203,69,134,203,69
Dang,Bardiya,14,8,844,1251,407,844,1251,407,844,1251,407,844,1251,407,844,1251,407
Dang,Bhaktapur,14,9,0,0,0,0,0,0,0,0,0,0,0,0,0,0,0
Dang,Bhojpur,14,10,9,16,7,9,16,7,9,16,7,9,16,7,9,16,7
Dang,Chitawan,14,11,346,619,273,346,619,273,346,619,273,346,619,273,346,619,273
Dang,Dadeldhura,14,12,52,49,-3,52,49,-3,52,49,-3,52,49,-3,52,49,-3
Dang,Dailekh,14,13,76,134,58,76,134,58,76,134,58,76,134,58,76,134,58
Dang,Dang,14,14,0,0,0,0,0,0,0,0,0,0,0,0,0,0,0
Dang,Darchula,14,15,9,11,2,9,11,2,9,11,2,9,11,2,9,11,2
Dang,Dhading,14,16,136,178,42,136,178,42,136,178,42,136,178,42,136,178,42
Dang,Dhankuta,14,17,27,35,8,27,35,8,27,35,8,27,35,8,27,35,8
Dang,Dhanusha,14,18,70,115,45,70,115,45,70,115,45,70,115,45,70,115,45
Dang,Dolakha,14,19,25,5,-20,25,5,-20,25,5,-20,25,5,-20,25,5,-20
Dang,Dolpa,14,20,10,17,7,10,17,7,10,17,7,10,17,7,10,17,7
Dang,Doti,14,21,35,46,11,35,46,11,35,46,11,35,46,11,35,46,11
Dang,Gorkha,14,22,118,182,64,118,182,64,118,182,64,118,182,64,118,182,64
Dang,Gulmi,14,23,91,161,70,91,161,70,91,161,70,91,161,70,91,161,70
Dang,Humla,14,24,6,14,8,6,14,8,6,14,8,6,14,8,6,14,8
Dang,Ilam,14,25,39,43,4,39,43,4,39,43,4,39,43,4,39,43,4
Dang,Jajarkot,14,26,53,78,25,53,78,25,53,78,25,53,78,25,53,78,25
Dang,Jhapa,14,27,119,201,82,119,201,82,119,201,82,119,201,82,119,201,82
Dang,Jumla,14,28,6,7,1,6,7,1,6,7,1,6,7,1,6,7,1
Dang,Kabhrepalanchok,14,29,106,125,19,106,125,19,106,125,19,106,125,19,106,125,19
Dang,Kailali,14,30,537,825,288,537,825,288,537,825,288,537,825,288,537,825,288
Dang,Kalikot,14,31,7,6,-1,7,6,-1,7,6,-1,7,6,-1,7,6,-1
Dang,Kanchanpur,14,32,225,375,150,225,375,150,225,375,150,225,375,150,225,375,150
Dang,Kapilbastu,14,33,1328,1892,564,1328,1892,564,1328,1892,564,1325,1888,563,1325,1888,563
Dang,Kaski,14,34,429,610,181,429,610,181,429,610,181,429,610,181,429,610,181
Dang,Kathmandu,14,35,4254,3747,-507,4254,3747,-507,4254,3747,-507,4254,3747,-507,4254,3747,-507
Dang,Khotang,14,36,12,19,7,12,19,7,12,19,7,12,19,7,12,19,7
Dang,Lalitpur,14,37,0,0,0,0,0,0,0,0,0,0,0,0,0,0,0
Dang,Lamjung,14,38,56,80,24,56,80,24,56,80,24,56,80,24,56,80,24
Dang,Mahottari,14,39,42,74,32,42,74,32,42,74,32,42,74,32,42,74,32
Dang,Makawanpur,14,40,148,189,41,148,189,41,148,189,41,148,189,41,148,189,41
Dang,Manang,14,41,2,5,3,2,5,3,2,5,3,2,5,3,2,5,3
Dang,Morang,14,42,147,258,111,147,258,111,147,258,111,147,258,111,147,258,111
Dang,Mugu,14,43,4,5,1,4,5,1,4,5,1,4,5,1,4,5,1
Dang,Mustang,14,44,11,16,5,11,16,5,11,16,5,11,16,5,11,16,5
Dang,Myagdi,14,45,29,41,12,29,41,12,29,41,12,29,41,12,29,41,12
Dang,Nawalparasi,14,46,426,760,334,426,760,334,426,760,334,426,760,334,426,760,334
Dang,Nuwakot,14,47,68,81,13,68,81,13,68,81,13,68,81,13,68,81,13
Dang,Okhaldhunga,14,48,4,10,6,4,10,6,4,10,6,4,10,6,4,10,6
Dang,Palpa,14,49,164,224,60,164,224,60,164,224,60,164,224,60,164,224,60
Dang,Panchthar,14,50,32,43,11,32,43,11,32,43,11,32,43,11,32,43,11
Dang,Parbat,14,51,44,51,7,44,51,7,44,51,7,44,51,7,44,51,7
Dang,Parsa,14,52,105,185,80,105,185,80,105,185,80,105,185,80,105,185,80
Dang,Pyuthan,14,53,2499,3672,1173,2499,3672,1173,2205,3291,1086,1910,2728,818,1582,2248,666
Dang,Ramechhap,14,54,7,13,6,7,13,6,7,13,6,7,13,6,7,13,6
Dang,Rasuwa,14,55,9,1,-8,9,1,-8,9,1,-8,9,1,-8,9,1,-8
Dang,Rautahat,14,56,60,113,53,60,113,53,60,113,53,60,113,53,60,113,53
Dang,Rolpa,14,57,1827,2530,703,1827,2530,703,1827,2530,703,1571,2228,657,1455,2010,555
Dang,Rukum,14,58,436,904,468,436,904,468,436,904,468,436,904,468,436,904,468
Dang,Rupandehi,14,59,1753,2388,635,1753,2388,635,1753,2388,635,1753,2388,635,1753,2388,635
Dang,Salyan,14,60,3485,4930,1445,3485,4930,1445,3128,4422,1294,2955,4139,1184,2734,3753,1019
Dang,Sankhuwasabha,14,61,15,19,4,15,19,4,15,19,4,15,19,4,15,19,4
Dang,Saptari,14,62,69,133,64,69,133,64,69,133,64,69,133,64,69,133,64
Dang,Sarlahi,14,63,57,89,32,57,89,32,57,89,32,57,89,32,57,89,32
Dang,Sindhuli,14,64,58,76,18,58,76,18,58,76,18,58,76,18,58,76,18
Dang,Sindhupalchok,14,65,28,35,7,28,35,7,28,35,7,28,35,7,28,35,7
Dang,Siraha,14,66,43,74,31,43,74,31,43,74,31,43,74,31,43,74,31
Dang,Solukhumbu,14,67,11,14,3,11,14,3,11,14,3,11,14,3,11,14,3
Dang,Sunsari,14,68,164,239,75,164,239,75,164,239,75,164,239,75,164,239,75
Dang,Surkhet,14,69,356,597,241,356,597,241,356,597,241,356,597,241,356,597,241
Dang,Syangja,14,70,145,246,101,145,246,101,145,246,101,145,246,101,145,246,101
Dang,Tanahu,14,71,133,161,28,133,161,28,133,161,28,133,161,28,133,161,28
Dang,Taplejung,14,72,4,6,2,4,6,2,4,6,2,4,6,2,4,6,2
Dang,Terhathum,14,73,3,11,8,3,11,8,3,11,8,3,11,8,3,11,8
Dang,Udayapur,14,74,37,70,33,37,70,33,37,70,33,37,70,33,37,70,33
Darchula,Achham,15,0,1,5,4,1,5,4,1,5,4,1,5,4,1,5,4
Darchula,Arghakhanchi,15,1,1,4,3,1,4,3,1,4,3,1,4,3,1,4,3
Darchula,Baglung,15,2,1,3,2,1,3,2,1,3,2,1,3,2,1,3,2
Darchula,Baitadi,15,3,192,457,265,192,457,265,148,322,174,125,220,95,97,155,58
Darchula,Bajhang,15,4,0,3,3,0,3,3,0,3,3,0,3,3,0,3,3
Darchula,Bajura,15,5,3,1,-2,3,1,-2,3,1,-2,3,1,-2,3,1,-2
Darchula,Banke,15,6,14,14,0,14,14,0,14,14,0,14,14,0,14,14,0
Darchula,Bara,15,7,4,6,2,4,6,2,4,6,2,4,6,2,4,6,2
Darchula,Bardiya,15,8,31,50,19,31,50,19,31,50,19,31,50,19,31,50,19
Darchula,Bhaktapur,15,9,0,0,0,0,0,0,0,0,0,0,0,0,0,0,0
Darchula,Bhojpur,15,10,0,3,3,0,3,3,0,3,3,0,3,3,0,3,3
Darchula,Chitawan,15,11,14,26,12,14,26,12,14,26,12,14,26,12,14,26,12
Darchula,Dadeldhura,15,12,33,90,57,33,90,57,33,90,57,33,90,57,33,90,57
Darchula,Dailekh,15,13,1,3,2,1,3,2,1,3,2,1,3,2,1,3,2
Darchula,Dang,15,14,5,12,7,5,12,7,5,12,7,5,12,7,5,12,7
Darchula,Darchula,15,15,0,0,0,0,0,0,0,0,0,0,0,0,0,0,0
Darchula,Dhading,15,16,1,7,6,1,7,6,1,7,6,1,7,6,1,7,6
Darchula,Dhankuta,15,17,0,2,2,0,2,2,0,2,2,0,2,2,0,2,2
Darchula,Dhanusha,15,18,2,4,2,2,4,2,2,4,2,2,4,2,2,4,2
Darchula,Dolakha,15,19,1,2,1,1,2,1,1,2,1,1,2,1,1,2,1
Darchula,Dolpa,15,20,0,0,0,0,0,0,0,0,0,0,0,0,0,0,0
Darchula,Doti,15,21,13,42,29,13,42,29,13,42,29,13,42,29,13,42,29
Darchula,Gorkha,15,22,3,11,8,3,11,8,3,11,8,3,11,8,3,11,8
Darchula,Gulmi,15,23,3,3,0,3,3,0,3,3,0,3,3,0,3,3,0
Darchula,Humla,15,24,2,3,1,2,3,1,2,3,1,2,3,1,2,3,1
Darchula,Ilam,15,25,1,0,-1,1,0,-1,1,0,-1,1,0,-1,1,0,-1
Darchula,Jajarkot,15,26,0,1,1,0,1,1,0,1,1,0,1,1,0,1,1
Darchula,Jhapa,15,27,5,8,3,5,8,3,5,8,3,5,8,3,5,8,3
Darchula,Jumla,15,28,0,0,0,0,0,0,0,0,0,0,0,0,0,0,0
Darchula,Kabhrepalanchok,15,29,4,6,2,4,6,2,4,6,2,4,6,2,4,6,2
Darchula,Kailali,15,30,134,302,168,134,302,168,134,302,168,134,302,168,134,302,168
Darchula,Kalikot,15,31,0,0,0,0,0,0,0,0,0,0,0,0,0,0,0
Darchula,Kanchanpur,15,32,243,464,221,243,464,221,243,464,221,243,464,221,243,464,221
Darchula,Kapilbastu,15,33,5,12,7,5,12,7,5,12,7,5,12,7,5,12,7
Darchula,Kaski,15,34,7,7,0,7,7,0,7,7,0,7,7,0,7,7,0
Darchula,Kathmandu,15,35,72,115,43,72,115,43,72,115,43,72,115,43,72,115,43
Darchula,Khotang,15,36,0,0,0,0,0,0,0,0,0,0,0,0,0,0,0
Darchula,Lalitpur,15,37,0,0,0,0,0,0,0,0,0,0,0,0,0,0,0
Darchula,Lamjung,15,38,3,3,0,3,3,0,3,3,0,3,3,0,3,3,0
Darchula,Mahottari,15,39,0,3,3,0,3,3,0,3,3,0,3,3,0,3,3
Darchula,Makawanpur,15,40,3,5,2,3,5,2,3,5,2,3,5,2,3,5,2
Darchula,Manang,15,41,0,0,0,0,0,0,0,0,0,0,0,0,0,0,0
Darchula,Morang,15,42,5,10,5,5,10,5,5,10,5,5,10,5,5,10,5
Darchula,Mugu,15,43,0,1,1,0,1,1,0,1,1,0,1,1,0,1,1
Darchula,Mustang,15,44,0,0,0,0,0,0,0,0,0,0,0,0,0,0,0
Darchula,Myagdi,15,45,0,2,2,0,2,2,0,2,2,0,2,2,0,2,2
Darchula,Nawalparasi,15,46,11,15,4,11,15,4,11,15,4,11,15,4,11,15,4
Darchula,Nuwakot,15,47,1,1,0,1,1,0,1,1,0,1,1,0,1,1,0
Darchula,Okhaldhunga,15,48,1,1,0,1,1,0,1,1,0,1,1,0,1,1,0
Darchula,Palpa,15,49,0,4,4,0,4,4,0,4,4,0,4,4,0,4,4
Darchula,Panchthar,15,50,0,1,1,0,1,1,0,1,1,0,1,1,0,1,1
Darchula,Parbat,15,51,0,3,3,0,3,3,0,3,3,0,3,3,0,3,3
Darchula,Parsa,15,52,4,5,1,4,5,1,4,5,1,4,5,1,4,5,1
Darchula,Pyuthan,15,53,1,3,2,1,3,2,1,3,2,1,3,2,1,3,2
Darchula,Ramechhap,15,54,0,0,0,0,0,0,0,0,0,0,0,0,0,0,0
Darchula,Rasuwa,15,55,0,0,0,0,0,0,0,0,0,0,0,0,0,0,0
Darchula,Rautahat,15,56,10,10,0,10,10,0,10,10,0,10,10,0,10,10,0
Darchula,Rolpa,15,57,0,2,2,0,2,2,0,2,2,0,2,2,0,2,2
Darchula,Rukum,15,58,1,4,3,1,4,3,1,4,3,1,4,3,1,4,3
Darchula,Rupandehi,15,59,15,19,4,15,19,4,15,19,4,15,19,4,15,19,4
Darchula,Salyan,15,60,0,0,0,0,0,0,0,0,0,0,0,0,0,0,0
Darchula,Sankhuwasabha,15,61,1,0,-1,1,0,-1,1,0,-1,1,0,-1,1,0,-1
Darchula,Saptari,15,62,1,6,5,1,6,5,1,6,5,1,6,5,1,6,5
Darchula,Sarlahi,15,63,3,3,0,3,3,0,3,3,0,3,3,0,3,3,0
Darchula,Sindhuli,15,64,5,10,5,5,10,5,5,10,5,5,10,5,5,10,5
Darchula,Sindhupalchok,15,65,1,3,2,1,3,2,1,3,2,1,3,2,1,3,2
Darchula,Siraha,15,66,1,4,3,1,4,3,1,4,3,1,4,3,1,4,3
Darchula,Solukhumbu,15,67,0,2,2,0,2,2,0,2,2,0,2,2,0,2,2
Darchula,Sunsari,15,68,2,13,11,2,13,11,2,13,11,2,13,11,2,13,11
Darchula,Surkhet,15,69,6,13,7,6,13,7,6,13,7,6,13,7,6,13,7
Darchula,Syangja,15,70,6,8,2,6,8,2,6,8,2,6,8,2,6,8,2
Darchula,Tanahu,15,71,8,17,9,8,17,9,8,17,9,8,17,9,8,17,9
Darchula,Taplejung,15,72,0,0,0,0,0,0,0,0,0,0,0,0,0,0,0
Darchula,Terhathum,15,73,0,0,0,0,0,0,0,0,0,0,0,0,0,0,0
Darchula,Udayapur,15,74,0,4,4,0,4,4,0,4,4,0,4,4,0,4,4
Dhading,Achham,16,0,6,5,-1,6,5,-1,6,5,-1,6,5,-1,6,5,-1
Dhading,Arghakhanchi,16,1,26,47,21,26,47,21,26,47,21,26,47,21,26,47,21
Dhading,Baglung,16,2,46,73,27,46,73,27,46,73,27,46,73,27,46,73,27
Dhading,Baitadi,16,3,9,13,4,9,13,4,9,13,4,9,13,4,9,13,4
Dhading,Bajhang,16,4,3,2,-1,3,2,-1,3,2,-1,3,2,-1,3,2,-1
Dhading,Bajura,16,5,0,0,0,0,0,0,0,0,0,0,0,0,0,0,0
Dhading,Banke,16,6,106,147,41,106,147,41,106,147,41,106,147,41,106,147,41
Dhading,Bara,16,7,385,733,348,385,733,348,385,733,348,385,733,348,385,733,348
Dhading,Bardiya,16,8,81,137,56,81,137,56,81,137,56,81,137,56,81,137,56
Dhading,Bhaktapur,16,9,0,0,0,0,0,0,0,0,0,0,0,0,0,0,0
Dhading,Bhojpur,16,10,17,25,8,17,25,8,17,25,8,17,25,8,17,25,8
Dhading,Chitawan,16,11,1629,2627,998,1629,2627,998,1628,2624,996,1577,2562,985,1444,2379,935
Dhading,Dadeldhura,16,12,4,5,1,4,5,1,4,5,1,4,5,1,4,5,1
Dhading,Dailekh,16,13,12,21,9,12,21,9,12,21,9,12,21,9,12,21,9
Dhading,Dang,16,14,154,285,131,154,285,131,154,285,131,154,285,131,154,285,131
Dhading,Darchula,16,15,4,2,-2,4,2,-2,4,2,-2,4,2,-2,4,2,-2
Dhading,Dhading,16,16,0,0,0,0,0,0,0,0,0,0,0,0,0,0,0
Dhading,Dhankuta,16,17,42,67,25,42,67,25,42,67,25,42,67,25,42,67,25
Dhading,Dhanusha,16,18,154,282,128,154,282,128,154,282,128,154,282,128,154,282,128
Dhading,Dolakha,16,19,56,35,-21,56,35,-21,56,35,-21,56,35,-21,56,35,-21
Dhading,Dolpa,16,20,1,0,-1,1,0,-1,1,0,-1,1,0,-1,1,0,-1
Dhading,Doti,16,21,5,12,7,5,12,7,5,12,7,5,12,7,5,12,7
Dhading,Gorkha,16,22,3222,7160,3938,3187,7088,3901,2073,4688,2615,1696,3928,2232,1118,2567,1449
Dhading,Gulmi,16,23,23,65,42,23,65,42,23,65,42,23,65,42,23,65,42
Dhading,Humla,16,24,0,1,1,0,1,1,0,1,1,0,1,1,0,1,1
Dhading,Ilam,16,25,53,74,21,53,74,21,53,74,21,53,74,21,53,74,21
Dhading,Jajarkot,16,26,3,3,0,3,3,0,3,3,0,3,3,0,3,3,0
Dhading,Jhapa,16,27,230,467,237,230,467,237,230,467,237,230,467,237,230,467,237
Dhading,Jumla,16,28,3,5,2,3,5,2,3,5,2,3,5,2,3,5,2
Dhading,Kabhrepalanchok,16,29,210,415,205,210,415,205,210,415,205,210,415,205,210,415,205
Dhading,Kailali,16,30,80,140,60,80,140,60,80,140,60,80,140,60,80,140,60
Dhading,Kalikot,16,31,4,4,0,4,4,0,4,4,0,4,4,0,4,4,0
Dhading,Kanchanpur,16,32,57,98,41,57,98,41,57,98,41,57,98,41,57,98,41
Dhading,Kapilbastu,16,33,60,97,37,60,97,37,60,97,37,60,97,37,60,97,37
Dhading,Kaski,16,34,1045,1634,589,1045,1634,589,1045,1634,589,1045,1634,589,1045,1634,589
Dhading,Kathmandu,16,35,8431,7998,-433,8352,7839,-513,8147,7587,-560,7695,7169,-526,6710,6260,-450
Dhading,Khotang,16,36,18,51,33,18,51,33,18,51,33,18,51,33,18,51,33
Dhading,Lalitpur,16,37,0,0,0,0,0,0,0,0,0,0,0,0,0,0,0
Dhading,Lamjung,16,38,88,177,89,88,177,89,88,177,89,88,177,89,88,177,89
Dhading,Mahottari,16,39,95,177,82,95,177,82,95,177,82,95,177,82,95,177,82
Dhading,Makawanpur,16,40,1178,1629,451,1035,1558,523,897,1446,549,705,1208,503,642,1137,495
Dhading,Manang,16,41,3,4,1,3,4,1,3,4,1,3,4,1,3,4,1
Dhading,Morang,16,42,267,392,125,267,392,125,267,392,125,267,392,125,267,392,125
Dhading,Mugu,16,43,1,3,2,1,3,2,1,3,2,1,3,2,1,3,2
Dhading,Mustang,16,44,1,11,10,1,11,10,1,11,10,1,11,10,1,11,10
Dhading,Myagdi,16,45,34,55,21,34,55,21,34,55,21,34,55,21,34,55,21
Dhading,Nawalparasi,16,46,308,572,264,308,572,264,308,572,264,308,572,264,308,572,264
Dhading,Nuwakot,16,47,1696,2075,379,1521,1791,270,1169,1382,213,650,815,165,396,595,199
Dhading,Okhaldhunga,16,48,3,14,11,3,14,11,3,14,11,3,14,11,3,14,11
Dhading,Palpa,16,49,41,60,19,41,60,19,41,60,19,41,60,19,41,60,19
Dhading,Panchthar,16,50,49,75,26,49,75,26,49,75,26,49,75,26,49,75,26
Dhading,Parbat,16,51,24,51,27,24,51,27,24,51,27,24,51,27,24,51,27
Dhading,Parsa,16,52,273,533,260,273,533,260,273,533,260,273,533,260,273,533,260
Dhading,Pyuthan,16,53,18,25,7,18,25,7,18,25,7,18,25,7,18,25,7
Dhading,Ramechhap,16,54,20,23,3,20,23,3,20,23,3,20,23,3,20,23,3
Dhading,Rasuwa,16,55,36,17,-19,36,17,-19,36,17,-19,36,17,-19,36,17,-19
Dhading,Rautahat,16,56,162,303,141,162,303,141,162,303,141,162,303,141,162,303,141
Dhading,Rolpa,16,57,21,29,8,21,29,8,21,29,8,21,29,8,21,29,8
Dhading,Rukum,16,58,7,11,4,7,11,4,7,11,4,7,11,4,7,11,4
Dhading,Rupandehi,16,59,272,428,156,272,428,156,272,428,156,272,428,156,272,428,156
Dhading,Salyan,16,60,34,36,2,34,36,2,34,36,2,34,36,2,34,36,2
Dhading,Sankhuwasabha,16,61,22,48,26,22,48,26,22,48,26,22,48,26,22,48,26
Dhading,Saptari,16,62,137,174,37,137,174,37,137,174,37,137,174,37,137,174,37
Dhading,Sarlahi,16,63,155,332,177,155,332,177,155,332,177,155,332,177,155,332,177
Dhading,Sindhuli,16,64,83,177,94,83,177,94,83,177,94,83,177,94,83,177,94
Dhading,Sindhupalchok,16,65,77,135,58,77,135,58,77,135,58,77,135,58,77,135,58
Dhading,Siraha,16,66,102,170,68,102,170,68,102,170,68,102,170,68,102,170,68
Dhading,Solukhumbu,16,67,16,25,9,16,25,9,16,25,9,16,25,9,16,25,9
Dhading,Sunsari,16,68,213,375,162,213,375,162,213,375,162,213,375,162,213,375,162
Dhading,Surkhet,16,69,39,89,50,39,89,50,39,89,50,39,89,50,39,89,50
Dhading,Syangja,16,70,83,183,100,83,183,100,83,183,100,83,183,100,83,183,100
Dhading,Tanahu,16,71,330,614,284,330,614,284,330,614,284,330,614,284,330,614,284
Dhading,Taplejung,16,72,4,10,6,4,10,6,4,10,6,4,10,6,4,10,6
Dhading,Terhathum,16,73,12,22,10,12,22,10,12,22,10,12,22,10,12,22,10
Dhading,Udayapur,16,74,85,176,91,85,176,91,85,176,91,85,176,91,85,176,91
Dhankuta,Achham,17,0,3,3,0,3,3,0,3,3,0,3,3,0,3,3,0
Dhankuta,Arghakhanchi,17,1,1,9,8,1,9,8,1,9,8,1,9,8,1,9,8
Dhankuta,Baglung,17,2,6,7,1,6,7,1,6,7,1,6,7,1,6,7,1
Dhankuta,Baitadi,17,3,3,1,-2,3,1,-2,3,1,-2,3,1,-2,3,1,-2
Dhankuta,Bajhang,17,4,0,0,0,0,0,0,0,0,0,0,0,0,0,0,0
Dhankuta,Bajura,17,5,0,0,0,0,0,0,0,0,0,0,0,0,0,0,0
Dhankuta,Banke,17,6,34,42,8,34,42,8,34,42,8,34,42,8,34,42,8
Dhankuta,Bara,17,7,35,54,19,35,54,19,35,54,19,35,54,19,35,54,19
Dhankuta,Bardiya,17,8,13,17,4,13,17,4,13,17,4,13,17,4,13,17,4
Dhankuta,Bhaktapur,17,9,0,0,0,0,0,0,0,0,0,0,0,0,0,0,0
Dhankuta,Bhojpur,17,10,1994,2831,837,1994,2831,837,1994,2831,837,1741,2521,780,1203,1723,520
Dhankuta,Chitawan,17,11,87,180,93,87,180,93,87,180,93,87,180,93,87,180,93
Dhankuta,Dadeldhura,17,12,2,2,0,2,2,0,2,2,0,2,2,0,2,2,0
Dhankuta,Dailekh,17,13,6,15,9,6,15,9,6,15,9,6,15,9,6,15,9
Dhankuta,Dang,17,14,19,40,21,19,40,21,19,40,21,19,40,21,19,40,21
Dhankuta,Darchula,17,15,2,0,-2,2,0,-2,2,0,-2,2,0,-2,2,0,-2
Dhankuta,Dhading,17,16,21,48,27,21,48,27,21,48,27,21,48,27,21,48,27
Dhankuta,Dhankuta,17,17,0,0,0,0,0,0,0,0,0,0,0,0,0,0,0
Dhankuta,Dhanusha,17,18,63,68,5,63,68,5,63,68,5,63,68,5,63,68,5
Dhankuta,Dolakha,17,19,17,7,-10,17,7,-10,17,7,-10,17,7,-10,17,7,-10
Dhankuta,Dolpa,17,20,1,2,1,1,2,1,1,2,1,1,2,1,1,2,1
Dhankuta,Doti,17,21,4,5,1,4,5,1,4,5,1,4,5,1,4,5,1
Dhankuta,Gorkha,17,22,25,66,41,25,66,41,25,66,41,25,66,41,25,66,41
Dhankuta,Gulmi,17,23,6,15,9,6,15,9,6,15,9,6,15,9,6,15,9
Dhankuta,Humla,17,24,0,1,1,0,1,1,0,1,1,0,1,1,0,1,1
Dhankuta,Ilam,17,25,329,476,147,329,476,147,329,476,147,329,476,147,329,476,147
Dhankuta,Jajarkot,17,26,1,2,1,1,2,1,1,2,1,1,2,1,1,2,1
Dhankuta,Jhapa,17,27,1095,1601,506,1095,1601,506,1095,1601,506,1095,1601,506,1095,1601,506
Dhankuta,Jumla,17,28,0,2,2,0,2,2,0,2,2,0,2,2,0,2,2
Dhankuta,Kabhrepalanchok,17,29,41,80,39,41,80,39,41,80,39,41,80,39,41,80,39
Dhankuta,Kailali,17,30,20,40,20,20,40,20,20,40,20,20,40,20,20,40,20
Dhankuta,Kalikot,17,31,0,0,0,0,0,0,0,0,0,0,0,0,0,0,0
Dhankuta,Kanchanpur,17,32,8,18,10,8,18,10,8,18,10,8,18,10,8,18,10
Dhankuta,Kapilbastu,17,33,12,17,5,12,17,5,12,17,5,12,17,5,12,17,5
Dhankuta,Kaski,17,34,132,188,56,132,188,56,132,188,56,132,188,56,132,188,56
Dhankuta,Kathmandu,17,35,1642,2003,361,1642,2003,361,1642,2003,361,1642,2003,361,1642,2003,361
Dhankuta,Khotang,17,36,61,109,48,61,109,48,61,109,48,61,109,48,61,109,48
Dhankuta,Lalitpur,17,37,0,0,0,0,0,0,0,0,0,0,0,0,0,0,0
Dhankuta,Lamjung,17,38,6,20,14,6,20,14,6,20,14,6,20,14,6,20,14
Dhankuta,Mahottari,17,39,28,36,8,28,36,8,28,36,8,28,36,8,28,36,8
Dhankuta,Makawanpur,17,40,63,129,66,63,129,66,63,129,66,63,129,66,63,129,66
Dhankuta,Manang,17,41,0,0,0,0,0,0,0,0,0,0,0,0,0,0,0
Dhankuta,Morang,17,42,3013,4072,1059,3013,4072,1059,2840,3872,1032,2763,3776,1013,2677,3665,988
Dhankuta,Mugu,17,43,0,0,0,0,0,0,0,0,0,0,0,0,0,0,0
Dhankuta,Mustang,17,44,0,2,2,0,2,2,0,2,2,0,2,2,0,2,2
Dhankuta,Myagdi,17,45,4,4,0,4,4,0,4,4,0,4,4,0,4,4,0
Dhankuta,Nawalparasi,17,46,35,62,27,35,62,27,35,62,27,35,62,27,35,62,27
Dhankuta,Nuwakot,17,47,23,29,6,23,29,6,23,29,6,23,29,6,23,29,6
Dhankuta,Okhaldhunga,17,48,9,17,8,9,17,8,9,17,8,9,17,8,9,17,8
Dhankuta,Palpa,17,49,6,9,3,6,9,3,6,9,3,6,9,3,6,9,3
Dhankuta,Panchthar,17,50,984,1161,177,984,1161,177,640,822,182,505,651,146,363,466,103
Dhankuta,Parbat,17,51,3,14,11,3,14,11,3,14,11,3,14,11,3,14,11
Dhankuta,Parsa,17,52,19,34,15,19,34,15,19,34,15,19,34,15,19,34,15
Dhankuta,Pyuthan,17,53,4,6,2,4,6,2,4,6,2,4,6,2,4,6,2
Dhankuta,Ramechhap,17,54,6,4,-2,6,4,-2,6,4,-2,6,4,-2,6,4,-2
Dhankuta,Rasuwa,17,55,6,1,-5,6,1,-5,6,1,-5,6,1,-5,6,1,-5
Dhankuta,Rautahat,17,56,23,23,0,23,23,0,23,23,0,23,23,0,23,23,0
Dhankuta,Rolpa,17,57,4,14,10,4,14,10,4,14,10,4,14,10,4,14,10
Dhankuta,Rukum,17,58,7,1,-6,7,1,-6,7,1,-6,7,1,-6,7,1,-6
Dhankuta,Rupandehi,17,59,40,49,9,40,49,9,40,49,9,40,49,9,40,49,9
Dhankuta,Salyan,17,60,13,8,-5,13,8,-5,13,8,-5,13,8,-5,13,8,-5
Dhankuta,Sankhuwasabha,17,61,1505,2053,548,1505,2053,548,1299,1811,512,1047,1472,425,832,1200,368
Dhankuta,Saptari,17,62,157,207,50,157,207,50,157,207,50,157,207,50,157,207,50
Dhankuta,Sarlahi,17,63,58,80,22,58,80,22,58,80,22,58,80,22,58,80,22
Dhankuta,Sindhuli,17,64,38,45,7,38,45,7,38,45,7,38,45,7,38,45,7
Dhankuta,Sindhupalchok,17,65,17,22,5,17,22,5,17,22,5,17,22,5,17,22,5
Dhankuta,Siraha,17,66,88,129,41,88,129,41,88,129,41,88,129,41,88,129,41
Dhankuta,Solukhumbu,17,67,21,30,9,21,30,9,21,30,9,21,30,9,21,30,9
Dhankuta,Sunsari,17,68,4335,5723,1388,4335,5723,1388,4281,5624,1343,3949,5190,1241,3517,4719,1202
Dhankuta,Surkhet,17,69,17,32,15,17,32,15,17,32,15,17,32,15,17,32,15
Dhankuta,Syangja,17,70,19,23,4,19,23,4,19,23,4,19,23,4,19,23,4
Dhankuta,Tanahu,17,71,43,49,6,43,49,6,43,49,6,43,49,6,43,49,6
Dhankuta,Taplejung,17,72,35,43,8,35,43,8,35,43,8,35,43,8,35,43,8
Dhankuta,Terhathum,17,73,1630,2186,556,1584,2139,555,1289,1803,514,872,1246,374,491,693,202
Dhankuta,Udayapur,17,74,598,732,134,598,732,134,424,584,160,380,547,167,232,385,153
Dhanusha,Achham,18,0,6,6,0,6,6,0,6,6,0,6,6,0,6,6,0
Dhanusha,Arghakhanchi,18,1,24,14,-10,24,14,-10,24,14,-10,24,14,-10,24,14,-10
Dhanusha,Baglung,18,2,17,32,15,17,32,15,17,32,15,17,32,15,17,32,15
Dhanusha,Baitadi,18,3,9,4,-5,9,4,-5,9,4,-5,9,4,-5,9,4,-5
Dhanusha,Bajhang,18,4,1,1,0,1,1,0,1,1,0,1,1,0,1,1,0
Dhanusha,Bajura,18,5,2,2,0,2,2,0,2,2,0,2,2,0,2,2,0
Dhanusha,Banke,18,6,87,121,34,87,121,34,87,121,34,87,121,34,87,121,34
Dhanusha,Bara,18,7,725,1075,350,725,1075,350,725,1075,350,725,1075,350,725,1075,350
Dhanusha,Bardiya,18,8,50,90,40,50,90,40,50,90,40,50,90,40,50,90,40
Dhanusha,Bhaktapur,18,9,0,0,0,0,0,0,0,0,0,0,0,0,0,0,0
Dhanusha,Bhojpur,18,10,21,36,15,21,36,15,21,36,15,21,36,15,21,36,15
Dhanusha,Chitawan,18,11,393,670,277,393,670,277,393,670,277,393,670,277,393,670,277
Dhanusha,Dadeldhura,18,12,4,7,3,4,7,3,4,7,3,4,7,3,4,7,3
Dhanusha,Dailekh,18,13,14,15,1,14,15,1,14,15,1,14,15,1,14,15,1
Dhanusha,Dang,18,14,40,121,81,40,121,81,40,121,81,40,121,81,40,121,81
Dhanusha,Darchula,18,15,3,1,-2,3,1,-2,3,1,-2,3,1,-2,3,1,-2
Dhanusha,Dhading,18,16,132,128,-4,132,128,-4,132,128,-4,132,128,-4,132,128,-4
Dhanusha,Dhankuta,18,17,49,66,17,49,66,17,49,66,17,49,66,17,49,66,17
Dhanusha,Dhanusha,18,18,0,0,0,0,0,0,0,0,0,0,0,0,0,0,0
Dhanusha,Dolakha,18,19,59,26,-33,59,26,-33,59,26,-33,59,26,-33,59,26,-33
Dhanusha,Dolpa,18,20,0,2,2,0,2,2,0,2,2,0,2,2,0,2,2
Dhanusha,Doti,18,21,8,10,2,8,10,2,8,10,2,8,10,2,8,10,2
Dhanusha,Gorkha,18,22,59,160,101,59,160,101,59,160,101,59,160,101,59,160,101
Dhanusha,Gulmi,18,23,8,21,13,8,21,13,8,21,13,8,21,13,8,21,13
Dhanusha,Humla,18,24,1,1,0,1,1,0,1,1,0,1,1,0,1,1,0
Dhanusha,Ilam,18,25,61,99,38,61,99,38,61,99,38,61,99,38,61,99,38
Dhanusha,Jajarkot,18,26,2,4,2,2,4,2,2,4,2,2,4,2,2,4,2
Dhanusha,Jhapa,18,27,424,703,279,424,703,279,424,703,279,424,703,279,424,703,279
Dhanusha,Jumla,18,28,0,2,2,0,2,2,0,2,2,0,2,2,0,2,2
Dhanusha,Kabhrepalanchok,18,29,111,171,60,111,171,60,111,171,60,111,171,60,111,171,60
Dhanusha,Kailali,18,30,166,248,82,166,248,82,166,248,82,166,248,82,166,248,82
Dhanusha,Kalikot,18,31,3,0,-3,3,0,-3,3,0,-3,3,0,-3,3,0,-3
Dhanusha,Kanchanpur,18,32,59,62,3,59,62,3,59,62,3,59,62,3,59,62,3
Dhanusha,Kapilbastu,18,33,42,66,24,42,66,24,42,66,24,42,66,24,42,66,24
Dhanusha,Kaski,18,34,220,324,104,220,324,104,220,324,104,220,324,104,220,324,104
Dhanusha,Kathmandu,18,35,6080,4924,-1156,6080,4924,-1156,6080,4924,-1156,6080,4924,-1156,6080,4924,-1156
Dhanusha,Khotang,18,36,56,85,29,56,85,29,56,85,29,56,85,29,56,85,29
Dhanusha,Lalitpur,18,37,0,0,0,0,0,0,0,0,0,0,0,0,0,0,0
Dhanusha,Lamjung,18,38,28,35,7,28,35,7,28,35,7,28,35,7,28,35,7
Dhanusha,Mahottari,18,39,16891,26211,9320,15593,24315,8722,11449,18230,6781,6828,11111,4283,4490,7307,2817
Dhanusha,Makawanpur,18,40,318,486,168,318,486,168,318,486,168,318,486,168,318,486,168
Dhanusha,Manang,18,41,1,0,-1,1,0,-1,1,0,-1,1,0,-1,1,0,-1
Dhanusha,Morang,18,42,829,1232,403,829,1232,403,829,1232,403,829,1232,403,829,1232,403
Dhanusha,Mugu,18,43,0,2,2,0,2,2,0,2,2,0,2,2,0,2,2
Dhanusha,Mustang,18,44,3,3,0,3,3,0,3,3,0,3,3,0,3,3,0
Dhanusha,Myagdi,18,45,8,6,-2,8,6,-2,8,6,-2,8,6,-2,8,6,-2
Dhanusha,Nawalparasi,18,46,107,202,95,107,202,95,107,202,95,107,202,95,107,202,95
Dhanusha,Nuwakot,18,47,47,55,8,47,55,8,47,55,8,47,55,8,47,55,8
Dhanusha,Okhaldhunga,18,48,23,48,25,23,48,25,23,48,25,23,48,25,23,48,25
Dhanusha,Palpa,18,49,19,20,1,19,20,1,19,20,1,19,20,1,19,20,1
Dhanusha,Panchthar,18,50,41,62,21,41,62,21,41,62,21,41,62,21,41,62,21
Dhanusha,Parbat,18,51,17,16,-1,17,16,-1,17,16,-1,17,16,-1,17,16,-1
Dhanusha,Parsa,18,52,939,1350,411,939,1350,411,939,1350,411,939,1350,411,939,1350,411
Dhanusha,Pyuthan,18,53,11,20,9,11,20,9,11,20,9,11,20,9,11,20,9
Dhanusha,Ramechhap,18,54,44,57,13,44,57,13,44,57,13,44,57,13,44,57,13
Dhanusha,Rasuwa,18,55,8,2,-6,8,2,-6,8,2,-6,8,2,-6,8,2,-6
Dhanusha,Rautahat,18,56,792,1376,584,792,1376,584,792,1376,584,792,1376,584,792,1376,584
Dhanusha,Rolpa,18,57,7,6,-1,7,6,-1,7,6,-1,7,6,-1,7,6,-1
Dhanusha,Rukum,18,58,4,9,5,4,9,5,4,9,5,4,9,5,4,9,5
Dhanusha,Rupandehi,18,59,185,252,67,185,252,67,185,252,67,185,252,67,185,252,67
Dhanusha,Salyan,18,60,7,17,10,7,17,10,7,17,10,7,17,10,7,17,10
Dhanusha,Sankhuwasabha,18,61,15,35,20,15,35,20,15,35,20,15,35,20,15,35,20
Dhanusha,Saptari,18,62,883,1491,608,883,1491,608,883,1491,608,883,1491,608,883,1491,608
Dhanusha,Sarlahi,18,63,3170,5279,2109,3170,5279,2109,3170,5279,2109,3170,5279,2109,3170,5279,2109
Dhanusha,Sindhuli,18,64,767,1421,654,767,1421,654,759,1409,650,689,1297,608,617,1203,586
Dhanusha,Sindhupalchok,18,65,43,38,-5,43,38,-5,43,38,-5,43,38,-5,43,38,-5
Dhanusha,Siraha,18,66,9678,14922,5244,9304,14475,5171,7923,12481,4558,6384,10314,3930,5173,8514,3341
Dhanusha,Solukhumbu,18,67,26,23,-3,26,23,-3,26,23,-3,26,23,-3,26,23,-3
Dhanusha,Sunsari,18,68,667,1039,372,667,1039,372,667,1039,372,667,1039,372,667,1039,372
Dhanusha,Surkhet,18,69,28,60,32,28,60,32,28,60,32,28,60,32,28,60,32
Dhanusha,Syangja,18,70,28,59,31,28,59,31,28,59,31,28,59,31,28,59,31
Dhanusha,Tanahu,18,71,79,110,31,79,110,31,79,110,31,79,110,31,79,110,31
Dhanusha,Taplejung,18,72,8,13,5,8,13,5,8,13,5,8,13,5,8,13,5
Dhanusha,Terhathum,18,73,11,32,21,11,32,21,11,32,21,11,32,21,11,32,21
Dhanusha,Udayapur,18,74,329,592,263,329,592,263,329,592,263,323,584,261,307,565,258
Dolakha,Achham,19,0,0,3,3,0,3,3,0,3,3,0,3,3,0,3,3
Dolakha,Arghakhanchi,19,1,3,13,10,3,13,10,3,13,10,3,13,10,3,13,10
Dolakha,Baglung,19,2,4,15,11,4,15,11,4,15,11,4,15,11,4,15,11
Dolakha,Baitadi,19,3,1,3,2,1,3,2,1,3,2,1,3,2,1,3,2
Dolakha,Bajhang,19,4,0,1,1,0,1,1,0,1,1,0,1,1,0,1,1
Dolakha,Bajura,19,5,0,0,0,0,0,0,0,0,0,0,0,0,0,0,0
Dolakha,Banke,19,6,24,40,16,24,40,16,24,40,16,24,40,16,24,40,16
Dolakha,Bara,19,7,59,131,72,59,131,72,59,131,72,59,131,72,59,131,72
Dolakha,Bardiya,19,8,22,55,33,22,55,33,22,55,33,22,55,33,22,55,33
Dolakha,Bhaktapur,19,9,0,0,0,0,0,0,0,0,0,0,0,0,0,0,0
Dolakha,Bhojpur,19,10,18,14,-4,18,14,-4,18,14,-4,18,14,-4,18,14,-4
Dolakha,Chitawan,19,11,96,218,122,96,218,122,96,218,122,96,218,122,96,218,122
Dolakha,Dadeldhura,19,12,5,4,-1,5,4,-1,5,4,-1,5,4,-1,5,4,-1
Dolakha,Dailekh,19,13,3,11,8,3,11,8,3,11,8,3,11,8,3,11,8
Dolakha,Dang,19,14,23,47,24,23,47,24,23,47,24,23,47,24,23,47,24
Dolakha,Darchula,19,15,3,4,1,3,4,1,3,4,1,3,4,1,3,4,1
Dolakha,Dhading,19,16,65,102,37,65,102,37,65,102,37,65,102,37,65,102,37
Dolakha,Dhankuta,19,17,11,26,15,11,26,15,11,26,15,11,26,15,11,26,15
Dolakha,Dhanusha,19,18,77,151,74,77,151,74,77,151,74,77,151,74,77,151,74
Dolakha,Dolakha,19,19,0,0,0,0,0,0,0,0,0,0,0,0,0,0,0
Dolakha,Dolpa,19,20,0,2,2,0,2,2,0,2,2,0,2,2,0,2,2
Dolakha,Doti,19,21,3,6,3,3,6,3,3,6,3,3,6,3,3,6,3
Dolakha,Gorkha,19,22,42,94,52,42,94,52,42,94,52,42,94,52,42,94,52
Dolakha,Gulmi,19,23,6,11,5,6,11,5,6,11,5,6,11,5,6,11,5
Dolakha,Humla,19,24,1,1,0,1,1,0,1,1,0,1,1,0,1,1,0
Dolakha,Ilam,19,25,17,61,44,17,61,44,17,61,44,17,61,44,17,61,44
Dolakha,Jajarkot,19,26,1,2,1,1,2,1,1,2,1,1,2,1,1,2,1
Dolakha,Jhapa,19,27,73,194,121,73,194,121,73,194,121,73,194,121,73,194,121
Dolakha,Jumla,19,28,0,0,0,0,0,0,0,0,0,0,0,0,0,0,0
Dolakha,Kabhrepalanchok,19,29,480,997,517,480,997,517,480,997,517,477,995,518,465,944,479
Dolakha,Kailali,19,30,11,66,55,11,66,55,11,66,55,11,66,55,11,66,55
Dolakha,Kalikot,19,31,0,1,1,0,1,1,0,1,1,0,1,1,0,1,1
Dolakha,Kanchanpur,19,32,7,26,19,7,26,19,7,26,19,7,26,19,7,26,19
Dolakha,Kapilbastu,19,33,11,23,12,11,23,12,11,23,12,11,23,12,11,23,12
Dolakha,Kaski,19,34,58,217,159,58,217,159,58,217,159,58,217,159,58,217,159
Dolakha,Kathmandu,19,35,5204,7033,1829,5204,7033,1829,5204,7033,1829,5204,7033,1829,5204,7033,1829
Dolakha,Khotang,19,36,15,36,21,15,36,21,15,36,21,15,36,21,15,36,21
Dolakha,Lalitpur,19,37,0,0,0,0,0,0,0,0,0,0,0,0,0,0,0
Dolakha,Lamjung,19,38,12,32,20,12,32,20,12,32,20,12,32,20,12,32,20
Dolakha,Mahottari,19,39,75,146,71,75,146,71,75,146,71,75,146,71,75,146,71
Dolakha,Makawanpur,19,40,68,182,114,68,182,114,68,182,114,68,182,114,68,182,114
Dolakha,Manang,19,41,0,2,2,0,2,2,0,2,2,0,2,2,0,2,2
Dolakha,Morang,19,42,50,138,88,50,138,88,50,138,88,50,138,88,50,138,88
Dolakha,Mugu,19,43,0,2,2,0,2,2,0,2,2,0,2,2,0,2,2
Dolakha,Mustang,19,44,8,6,-2,8,6,-2,8,6,-2,8,6,-2,8,6,-2
Dolakha,Myagdi,19,45,3,8,5,3,8,5,3,8,5,3,8,5,3,8,5
Dolakha,Nawalparasi,19,46,38,62,24,38,62,24,38,62,24,38,62,24,38,62,24
Dolakha,Nuwakot,19,47,31,55,24,31,55,24,31,55,24,31,55,24,31,55,24
Dolakha,Okhaldhunga,19,48,7,12,5,7,12,5,7,12,5,7,12,5,7,12,5
Dolakha,Palpa,19,49,8,11,3,8,11,3,8,11,3,8,11,3,8,11,3
Dolakha,Panchthar,19,50,11,34,23,11,34,23,11,34,23,11,34,23,11,34,23
Dolakha,Parbat,19,51,4,15,11,4,15,11,4,15,11,4,15,11,4,15,11
Dolakha,Parsa,19,52,52,90,38,52,90,38,52,90,38,52,90,38,52,90,38
Dolakha,Pyuthan,19,53,0,12,12,0,12,12,0,12,12,0,12,12,0,12,12
Dolakha,Ramechhap,19,54,626,1511,885,626,1511,885,441,1128,687,284,779,495,178,357,179
Dolakha,Rasuwa,19,55,8,3,-5,8,3,-5,8,3,-5,8,3,-5,8,3,-5
Dolakha,Rautahat,19,56,39,90,51,39,90,51,39,90,51,39,90,51,39,90,51
Dolakha,Rolpa,19,57,4,8,4,4,8,4,4,8,4,4,8,4,4,8,4
Dolakha,Rukum,19,58,4,10,6,4,10,6,4,10,6,4,10,6,4,10,6
Dolakha,Rupandehi,19,59,30,74,44,30,74,44,30,74,44,30,74,44,30,74,44
Dolakha,Salyan,19,60,3,6,3,3,6,3,3,6,3,3,6,3,3,6,3
Dolakha,Sankhuwasabha,19,61,5,18,13,5,18,13,5,18,13,5,18,13,5,18,13
Dolakha,Saptari,19,62,20,60,40,20,60,40,20,60,40,20,60,40,20,60,40
Dolakha,Sarlahi,19,63,124,223,99,124,223,99,124,223,99,124,223,99,124,223,99
Dolakha,Sindhuli,19,64,247,1174,927,247,1174,927,247,1174,927,247,1174,927,247,1174,927
Dolakha,Sindhupalchok,19,65,590,922,332,590,922,332,531,922,391,362,638,276,286,552,266
Dolakha,Siraha,19,66,26,57,31,26,57,31,26,57,31,26,57,31,26,57,31
Dolakha,Solukhumbu,19,67,15,43,28,15,43,28,15,43,28,15,43,28,15,43,28
Dolakha,Sunsari,19,68,51,148,97,51,148,97,51,148,97,51,148,97,51,148,97
Dolakha,Surkhet,19,69,10,20,10,10,20,10,10,20,10,10,20,10,10,20,10
Dolakha,Syangja,19,70,7,19,12,7,19,12,7,19,12,7,19,12,7,19,12
Dolakha,Tanahu,19,71,21,60,39,21,60,39,21,60,39,21,60,39,21,60,39
Dolakha,Taplejung,19,72,0,2,2,0,2,2,0,2,2,0,2,2,0,2,2
Dolakha,Terhathum,19,73,1,8,7,1,8,7,1,8,7,1,8,7,1,8,7
Dolakha,Udayapur,19,74,22,52,30,22,52,30,22,52,30,22,52,30,22,52,30
Dolpa,Achham,20,0,0,0,0,0,0,0,0,0,0,0,0,0,0,0,0
Dolpa,Arghakhanchi,20,1,0,1,1,0,1,1,0,1,1,0,1,1,0,1,1
Dolpa,Baglung,20,2,2,1,-1,2,1,-1,2,1,-1,2,1,-1,2,1,-1
Dolpa,Baitadi,20,3,0,0,0,0,0,0,0,0,0,0,0,0,0,0,0
Dolpa,Bajhang,20,4,0,0,0,0,0,0,0,0,0,0,0,0,0,0,0
Dolpa,Bajura,20,5,0,0,0,0,0,0,0,0,0,0,0,0,0,0,0
Dolpa,Banke,20,6,31,52,21,31,52,21,31,52,21,31,52,21,31,52,21
Dolpa,Bara,20,7,1,0,-1,1,0,-1,1,0,-1,1,0,-1,1,0,-1
Dolpa,Bardiya,20,8,5,12,7,5,12,7,5,12,7,5,12,7,5,12,7
Dolpa,Bhaktapur,20,9,0,0,0,0,0,0,0,0,0,0,0,0,0,0,0
Dolpa,Bhojpur,20,10,0,0,0,0,0,0,0,0,0,0,0,0,0,0,0
Dolpa,Chitawan,20,11,3,5,2,3,5,2,3,5,2,3,5,2,3,5,2
Dolpa,Dadeldhura,20,12,0,0,0,0,0,0,0,0,0,0,0,0,0,0,0
Dolpa,Dailekh,20,13,2,5,3,2,5,3,2,5,3,2,5,3,2,5,3
Dolpa,Dang,20,14,10,18,8,10,18,8,10,18,8,10,18,8,10,18,8
Dolpa,Darchula,20,15,0,0,0,0,0,0,0,0,0,0,0,0,0,0,0
Dolpa,Dhading,20,16,0,0,0,0,0,0,0,0,0,0,0,0,0,0,0
Dolpa,Dhankuta,20,17,0,1,1,0,1,1,0,1,1,0,1,1,0,1,1
Dolpa,Dhanusha,20,18,1,1,0,1,1,0,1,1,0,1,1,0,1,1,0
Dolpa,Dolakha,20,19,0,1,1,0,1,1,0,1,1,0,1,1,0,1,1
Dolpa,Dolpa,20,20,0,0,0,0,0,0,0,0,0,0,0,0,0,0,0
Dolpa,Doti,20,21,1,0,-1,1,0,-1,1,0,-1,1,0,-1,1,0,-1
Dolpa,Gorkha,20,22,1,4,3,1,4,3,1,4,3,1,4,3,1,4,3
Dolpa,Gulmi,20,23,3,0,-3,3,0,-3,3,0,-3,3,0,-3,3,0,-3
Dolpa,Humla,20,24,0,0,0,0,0,0,0,0,0,0,0,0,0,0,0
Dolpa,Ilam,20,25,0,0,0,0,0,0,0,0,0,0,0,0,0,0,0
Dolpa,Jajarkot,20,26,2,5,3,2,5,3,2,5,3,2,5,3,2,5,3
Dolpa,Jhapa,20,27,0,0,0,0,0,0,0,0,0,0,0,0,0,0,0
Dolpa,Jumla,20,28,0,1,1,0,1,1,0,1,1,0,1,1,0,1,1
Dolpa,Kabhrepalanchok,20,29,1,6,5,1,6,5,1,6,5,1,6,5,1,6,5
Dolpa,Kailali,20,30,1,5,4,1,5,4,1,5,4,1,5,4,1,5,4
Dolpa,Kalikot,20,31,0,0,0,0,0,0,0,0,0,0,0,0,0,0,0
Dolpa,Kanchanpur,20,32,3,3,0,3,3,0,3,3,0,3,3,0,3,3,0
Dolpa,Kapilbastu,20,33,1,2,1,1,2,1,1,2,1,1,2,1,1,2,1
Dolpa,Kaski,20,34,6,7,1,6,7,1,6,7,1,6,7,1,6,7,1
Dolpa,Kathmandu,20,35,33,54,21,33,54,21,33,54,21,33,54,21,33,54,21
Dolpa,Khotang,20,36,1,0,-1,1,0,-1,1,0,-1,1,0,-1,1,0,-1
Dolpa,Lalitpur,20,37,0,0,0,0,0,0,0,0,0,0,0,0,0,0,0
Dolpa,Lamjung,20,38,0,0,0,0,0,0,0,0,0,0,0,0,0,0,0
Dolpa,Mahottari,20,39,0,3,3,0,3,3,0,3,3,0,3,3,0,3,3
Dolpa,Makawanpur,20,40,1,0,-1,1,0,-1,1,0,-1,1,0,-1,1,0,-1
Dolpa,Manang,20,41,0,0,0,0,0,0,0,0,0,0,0,0,0,0,0
Dolpa,Morang,20,42,3,0,-3,3,0,-3,3,0,-3,3,0,-3,3,0,-3
Dolpa,Mugu,20,43,0,0,0,0,0,0,0,0,0,0,0,0,0,0,0
Dolpa,Mustang,20,44,0,0,0,0,0,0,0,0,0,0,0,0,0,0,0
Dolpa,Myagdi,20,45,0,2,2,0,2,2,0,2,2,0,2,2,0,2,2
Dolpa,Nawalparasi,20,46,3,2,-1,3,2,-1,3,2,-1,3,2,-1,3,2,-1
Dolpa,Nuwakot,20,47,1,0,-1,1,0,-1,1,0,-1,1,0,-1,1,0,-1
Dolpa,Okhaldhunga,20,48,0,1,1,0,1,1,0,1,1,0,1,1,0,1,1
Dolpa,Palpa,20,49,0,2,2,0,2,2,0,2,2,0,2,2,0,2,2
Dolpa,Panchthar,20,50,0,1,1,0,1,1,0,1,1,0,1,1,0,1,1
Dolpa,Parbat,20,51,0,1,1,0,1,1,0,1,1,0,1,1,0,1,1
Dolpa,Parsa,20,52,2,0,-2,2,0,-2,2,0,-2,2,0,-2,2,0,-2
Dolpa,Pyuthan,20,53,3,1,-2,3,1,-2,3,1,-2,3,1,-2,3,1,-2
Dolpa,Ramechhap,20,54,0,1,1,0,1,1,0,1,1,0,1,1,0,1,1
Dolpa,Rasuwa,20,55,0,0,0,0,0,0,0,0,0,0,0,0,0,0,0
Dolpa,Rautahat,20,56,1,1,0,1,1,0,1,1,0,1,1,0,1,1,0
Dolpa,Rolpa,20,57,0,0,0,0,0,0,0,0,0,0,0,0,0,0,0
Dolpa,Rukum,20,58,5,7,2,5,7,2,5,7,2,5,7,2,5,7,2
Dolpa,Rupandehi,20,59,0,3,3,0,3,3,0,3,3,0,3,3,0,3,3
Dolpa,Salyan,20,60,5,11,6,5,11,6,5,11,6,5,11,6,5,11,6
Dolpa,Sankhuwasabha,20,61,0,0,0,0,0,0,0,0,0,0,0,0,0,0,0
Dolpa,Saptari,20,62,2,0,-2,2,0,-2,2,0,-2,2,0,-2,2,0,-2
Dolpa,Sarlahi,20,63,0,1,1,0,1,1,0,1,1,0,1,1,0,1,1
Dolpa,Sindhuli,20,64,0,0,0,0,0,0,0,0,0,0,0,0,0,0,0
Dolpa,Sindhupalchok,20,65,0,0,0,0,0,0,0,0,0,0,0,0,0,0,0
Dolpa,Siraha,20,66,0,0,0,0,0,0,0,0,0,0,0,0,0,0,0
Dolpa,Solukhumbu,20,67,0,0,0,0,0,0,0,0,0,0,0,0,0,0,0
Dolpa,Sunsari,20,68,3,1,-2,3,1,-2,3,1,-2,3,1,-2,3,1,-2
Dolpa,Surkhet,20,69,9,23,14,9,23,14,9,23,14,9,23,14,9,23,14
Dolpa,Syangja,20,70,3,1,-2,3,1,-2,3,1,-2,3,1,-2,3,1,-2
Dolpa,Tanahu,20,71,2,5,3,2,5,3,2,5,3,2,5,3,2,5,3
Dolpa,Taplejung,20,72,0,0,0,0,0,0,0,0,0,0,0,0,0,0,0
Dolpa,Terhathum,20,73,0,0,0,0,0,0,0,0,0,0,0,0,0,0,0
Dolpa,Udayapur,20,74,0,0,0,0,0,0,0,0,0,0,0,0,0,0,0
Doti,Achham,21,0,283,516,233,283,516,233,283,516,233,153,298,145,99,212,113
Doti,Arghakhanchi,21,1,8,16,8,8,16,8,8,16,8,8,16,8,8,16,8
Doti,Baglung,21,2,0,4,4,0,4,4,0,4,4,0,4,4,0,4,4
Doti,Baitadi,21,3,71,151,80,71,151,80,71,151,80,71,151,80,71,151,80
Doti,Bajhang,21,4,4,2,-2,4,2,-2,4,2,-2,4,2,-2,4,2,-2
Doti,Bajura,21,5,2,4,2,2,4,2,2,4,2,2,4,2,2,4,2
Doti,Banke,21,6,34,73,39,34,73,39,34,73,39,34,73,39,34,73,39
Doti,Bara,21,7,6,8,2,6,8,2,6,8,2,6,8,2,6,8,2
Doti,Bardiya,21,8,21,66,45,21,66,45,21,66,45,21,66,45,21,66,45
Doti,Bhaktapur,21,9,0,0,0,0,0,0,0,0,0,0,0,0,0,0,0
Doti,Bhojpur,21,10,1,2,1,1,2,1,1,2,1,1,2,1,1,2,1
Doti,Chitawan,21,11,19,37,18,19,37,18,19,37,18,19,37,18,19,37,18
Doti,Dadeldhura,21,12,379,671,292,379,671,292,327,575,248,292,522,230,235,442,207
Doti,Dailekh,21,13,11,17,6,11,17,6,11,17,6,11,17,6,11,17,6
Doti,Dang,21,14,28,40,12,28,40,12,28,40,12,28,40,12,28,40,12
Doti,Darchula,21,15,19,26,7,19,26,7,19,26,7,19,26,7,19,26,7
Doti,Dhading,21,16,6,13,7,6,13,7,6,13,7,6,13,7,6,13,7
Doti,Dhankuta,21,17,3,4,1,3,4,1,3,4,1,3,4,1,3,4,1
Doti,Dhanusha,21,18,4,11,7,4,11,7,4,11,7,4,11,7,4,11,7
Doti,Dolakha,21,19,2,3,1,2,3,1,2,3,1,2,3,1,2,3,1
Doti,Dolpa,21,20,0,1,1,0,1,1,0,1,1,0,1,1,0,1,1
Doti,Doti,21,21,0,0,0,0,0,0,0,0,0,0,0,0,0,0,0
Doti,Gorkha,21,22,9,20,11,9,20,11,9,20,11,9,20,11,9,20,11
Doti,Gulmi,21,23,2,6,4,2,6,4,2,6,4,2,6,4,2,6,4
Doti,Humla,21,24,1,3,2,1,3,2,1,3,2,1,3,2,1,3,2
Doti,Ilam,21,25,4,9,5,4,9,5,4,9,5,4,9,5,4,9,5
Doti,Jajarkot,21,26,0,0,0,0,0,0,0,0,0,0,0,0,0,0,0
Doti,Jhapa,21,27,8,19,11,8,19,11,8,19,11,8,19,11,8,19,11
Doti,Jumla,21,28,2,2,0,2,2,0,2,2,0,2,2,0,2,2,0
Doti,Kabhrepalanchok,21,29,6,13,7,6,13,7,6,13,7,6,13,7,6,13,7
Doti,Kailali,21,30,1409,2594,1185,1409,2594,1185,1409,2594,1185,1360,2484,1124,1346,2457,1111
Doti,Kalikot,21,31,1,4,3,1,4,3,1,4,3,1,4,3,1,4,3
Doti,Kanchanpur,21,32,337,621,284,337,621,284,337,621,284,337,621,284,333,614,281
Doti,Kapilbastu,21,33,6,19,13,6,19,13,6,19,13,6,19,13,6,19,13
Doti,Kaski,21,34,17,30,13,17,30,13,17,30,13,17,30,13,17,30,13
Doti,Kathmandu,21,35,173,258,85,173,258,85,173,258,85,173,258,85,173,258,85
Doti,Khotang,21,36,2,2,0,2,2,0,2,2,0,2,2,0,2,2,0
Doti,Lalitpur,21,37,0,0,0,0,0,0,0,0,0,0,0,0,0,0,0
Doti,Lamjung,21,38,2,4,2,2,4,2,2,4,2,2,4,2,2,4,2
Doti,Mahottari,21,39,5,10,5,5,10,5,5,10,5,5,10,5,5,10,5
Doti,Makawanpur,21,40,10,17,7,10,17,7,10,17,7,10,17,7,10,17,7
Doti,Manang,21,41,0,0,0,0,0,0,0,0,0,0,0,0,0,0,0
Doti,Morang,21,42,10,21,11,10,21,11,10,21,11,10,21,11,10,21,11
Doti,Mugu,21,43,1,2,1,1,2,1,1,2,1,1,2,1,1,2,1
Doti,Mustang,21,44,1,0,-1,1,0,-1,1,0,-1,1,0,-1,1,0,-1
Doti,Myagdi,21,45,2,2,0,2,2,0,2,2,0,2,2,0,2,2,0
Doti,Nawalparasi,21,46,13,41,28,13,41,28,13,41,28,13,41,28,13,41,28
Doti,Nuwakot,21,47,3,3,0,3,3,0,3,3,0,3,3,0,3,3,0
Doti,Okhaldhunga,21,48,0,0,0,0,0,0,0,0,0,0,0,0,0,0,0
Doti,Palpa,21,49,8,9,1,8,9,1,8,9,1,8,9,1,8,9,1
Doti,Panchthar,21,50,1,8,7,1,8,7,1,8,7,1,8,7,1,8,7
Doti,Parbat,21,51,2,4,2,2,4,2,2,4,2,2,4,2,2,4,2
Doti,Parsa,21,52,7,6,-1,7,6,-1,7,6,-1,7,6,-1,7,6,-1
Doti,Pyuthan,21,53,2,14,12,2,14,12,2,14,12,2,14,12,2,14,12
Doti,Ramechhap,21,54,0,1,1,0,1,1,0,1,1,0,1,1,0,1,1
Doti,Rasuwa,21,55,1,0,-1,1,0,-1,1,0,-1,1,0,-1,1,0,-1
Doti,Rautahat,21,56,8,6,-2,8,6,-2,8,6,-2,8,6,-2,8,6,-2
Doti,Rolpa,21,57,2,14,12,2,14,12,2,14,12,2,14,12,2,14,12
Doti,Rukum,21,58,1,4,3,1,4,3,1,4,3,1,4,3,1,4,3
Doti,Rupandehi,21,59,20,31,11,20,31,11,20,31,11,20,31,11,20,31,11
Doti,Salyan,21,60,2,7,5,2,7,5,2,7,5,2,7,5,2,7,5
Doti,Sankhuwasabha,21,61,4,3,-1,4,3,-1,4,3,-1,4,3,-1,4,3,-1
Doti,Saptari,21,62,3,8,5,3,8,5,3,8,5,3,8,5,3,8,5
Doti,Sarlahi,21,63,5,10,5,5,10,5,5,10,5,5,10,5,5,10,5
Doti,Sindhuli,21,64,11,14,3,11,14,3,11,14,3,11,14,3,11,14,3
Doti,Sindhupalchok,21,65,1,1,0,1,1,0,1,1,0,1,1,0,1,1,0
Doti,Siraha,21,66,5,8,3,5,8,3,5,8,3,5,8,3,5,8,3
Doti,Solukhumbu,21,67,1,1,0,1,1,0,1,1,0,1,1,0,1,1,0
Doti,Sunsari,21,68,9,10,1,9,10,1,9,10,1,9,10,1,9,10,1
Doti,Surkhet,21,69,15,34,19,15,34,19,15,34,19,15,34,19,15,34,19
Doti,Syangja,21,70,10,13,3,10,13,3,10,13,3,10,13,3,10,13,3
Doti,Tanahu,21,71,9,23,14,9,23,14,9,23,14,9,23,14,9,23,14
Doti,Taplejung,21,72,2,0,-2,2,0,-2,2,0,-2,2,0,-2,2,0,-2
Doti,Terhathum,21,73,0,1,1,0,1,1,0,1,1,0,1,1,0,1,1
Doti,Udayapur,21,74,5,6,1,5,6,1,5,6,1,5,6,1,5,6,1
Gorkha,Achham,22,0,9,2,-7,9,2,-7,9,2,-7,9,2,-7,9,2,-7
Gorkha,Arghakhanchi,22,1,17,48,31,17,48,31,17,48,31,17,48,31,17,48,31
Gorkha,Baglung,22,2,54,103,49,54,103,49,54,103,49,54,103,49,54,103,49
Gorkha,Baitadi,22,3,4,12,8,4,12,8,4,12,8,4,12,8,4,12,8
Gorkha,Bajhang,22,4,1,2,1,1,2,1,1,2,1,1,2,1,1,2,1
Gorkha,Bajura,22,5,0,1,1,0,1,1,0,1,1,0,1,1,0,1,1
Gorkha,Banke,22,6,90,148,58,90,148,58,90,148,58,90,148,58,90,148,58
Gorkha,Bara,22,7,325,521,196,325,521,196,325,521,196,325,521,196,325,521,196
Gorkha,Bardiya,22,8,41,134,93,41,134,93,41,134,93,41,134,93,41,134,93
Gorkha,Bhaktapur,22,9,0,0,0,0,0,0,0,0,0,0,0,0,0,0,0
Gorkha,Bhojpur,22,10,11,18,7,11,18,7,11,18,7,11,18,7,11,18,7
Gorkha,Chitawan,22,11,4175,5316,1141,4175,5316,1141,3574,4696,1122,3479,4557,1078,3387,4383,996
Gorkha,Dadeldhura,22,12,8,5,-3,8,5,-3,8,5,-3,8,5,-3,8,5,-3
Gorkha,Dailekh,22,13,22,34,12,22,34,12,22,34,12,22,34,12,22,34,12
Gorkha,Dang,22,14,115,179,64,115,179,64,115,179,64,115,179,64,115,179,64
Gorkha,Darchula,22,15,5,5,0,5,5,0,5,5,0,5,5,0,5,5,0
Gorkha,Dhading,22,16,2963,3374,411,2927,3350,423,1920,2307,387,1590,1924,334,1052,1346,294
Gorkha,Dhankuta,22,17,29,44,15,29,44,15,29,44,15,29,44,15,29,44,15
Gorkha,Dhanusha,22,18,81,118,37,81,118,37,81,118,37,81,118,37,81,118,37
Gorkha,Dolakha,22,19,39,13,-26,39,13,-26,39,13,-26,39,13,-26,39,13,-26
Gorkha,Dolpa,22,20,0,1,1,0,1,1,0,1,1,0,1,1,0,1,1
Gorkha,Doti,22,21,8,21,13,8,21,13,8,21,13,8,21,13,8,21,13
Gorkha,Gorkha,22,22,0,0,0,0,0,0,0,0,0,0,0,0,0,0,0
Gorkha,Gulmi,22,23,27,43,16,27,43,16,27,43,16,27,43,16,27,43,16
Gorkha,Humla,22,24,3,5,2,3,5,2,3,5,2,3,5,2,3,5,2
Gorkha,Ilam,22,25,42,45,3,42,45,3,42,45,3,42,45,3,42,45,3
Gorkha,Jajarkot,22,26,6,6,0,6,6,0,6,6,0,6,6,0,6,6,0
Gorkha,Jhapa,22,27,143,234,91,143,234,91,143,234,91,143,234,91,143,234,91
Gorkha,Jumla,22,28,2,2,0,2,2,0,2,2,0,2,2,0,2,2,0
Gorkha,Kabhrepalanchok,22,29,121,210,89,121,210,89,121,210,89,121,210,89,121,210,89
Gorkha,Kailali,22,30,56,100,44,56,100,44,56,100,44,56,100,44,56,100,44
Gorkha,Kalikot,22,31,1,0,-1,1,0,-1,1,0,-1,1,0,-1,1,0,-1
Gorkha,Kanchanpur,22,32,87,126,39,87,126,39,87,126,39,87,126,39,87,126,39
Gorkha,Kapilbastu,22,33,57,110,53,57,110,53,57,110,53,57,110,53,57,110,53
Gorkha,Kaski,22,34,1895,2415,520,1895,2415,520,1895,2415,520,1895,2415,520,1895,2415,520
Gorkha,Kathmandu,22,35,7063,5676,-1387,7063,5676,-1387,7063,5676,-1387,7063,5676,-1387,7063,5676,-1387
Gorkha,Khotang,22,36,16,37,21,16,37,21,16,37,21,16,37,21,16,37,21
Gorkha,Lalitpur,22,37,0,0,0,0,0,0,0,0,0,0,0,0,0,0,0
Gorkha,Lamjung,22,38,1202,1668,466,1202,1668,466,1202,1668,466,860,1160,300,585,826,241
Gorkha,Mahottari,22,39,73,107,34,73,107,34,73,107,34,73,107,34,73,107,34
Gorkha,Makawanpur,22,40,264,449,185,264,449,185,264,449,185,264,449,185,264,449,185
Gorkha,Manang,22,41,19,17,-2,19,17,-2,19,17,-2,19,17,-2,19,17,-2
Gorkha,Morang,22,42,127,214,87,127,214,87,127,214,87,127,214,87,127,214,87
Gorkha,Mugu,22,43,1,1,0,1,1,0,1,1,0,1,1,0,1,1,0
Gorkha,Mustang,22,44,11,11,0,11,11,0,11,11,0,11,11,0,11,11,0
Gorkha,Myagdi,22,45,40,47,7,40,47,7,40,47,7,40,47,7,40,47,7
Gorkha,Nawalparasi,22,46,617,809,192,617,809,192,617,809,192,617,809,192,617,809,192
Gorkha,Nuwakot,22,47,173,184,11,173,184,11,173,184,11,173,184,11,173,184,11
Gorkha,Okhaldhunga,22,48,6,10,4,6,10,4,6,10,4,6,10,4,6,10,4
Gorkha,Palpa,22,49,49,84,35,49,84,35,49,84,35,49,84,35,49,84,35
Gorkha,Panchthar,22,50,25,24,-1,25,24,-1,25,24,-1,25,24,-1,25,24,-1
Gorkha,Parbat,22,51,52,81,29,52,81,29,52,81,29,52,81,29,52,81,29
Gorkha,Parsa,22,52,188,313,125,188,313,125,188,313,125,188,313,125,188,313,125
Gorkha,Pyuthan,22,53,13,27,14,13,27,14,13,27,14,13,27,14,13,27,14
Gorkha,Ramechhap,22,54,11,11,0,11,11,0,11,11,0,11,11,0,11,11,0
Gorkha,Rasuwa,22,55,19,10,-9,19,10,-9,19,10,-9,19,10,-9,19,10,-9
Gorkha,Rautahat,22,56,190,330,140,190,330,140,190,330,140,190,330,140,190,330,140
Gorkha,Rolpa,22,57,18,24,6,18,24,6,18,24,6,18,24,6,18,24,6
Gorkha,Rukum,22,58,14,28,14,14,28,14,14,28,14,14,28,14,14,28,14
Gorkha,Rupandehi,22,59,279,496,217,279,496,217,279,496,217,279,496,217,279,496,217
Gorkha,Salyan,22,60,19,20,1,19,20,1,19,20,1,19,20,1,19,20,1
Gorkha,Sankhuwasabha,22,61,14,31,17,14,31,17,14,31,17,14,31,17,14,31,17
Gorkha,Saptari,22,62,47,92,45,47,92,45,47,92,45,47,92,45,47,92,45
Gorkha,Sarlahi,22,63,92,166,74,92,166,74,92,166,74,92,166,74,92,166,74
Gorkha,Sindhuli,22,64,59,91,32,59,91,32,59,91,32,59,91,32,59,91,32
Gorkha,Sindhupalchok,22,65,61,71,10,61,71,10,61,71,10,61,71,10,61,71,10
Gorkha,Siraha,22,66,34,70,36,34,70,36,34,70,36,34,70,36,34,70,36
Gorkha,Solukhumbu,22,67,25,25,0,25,25,0,25,25,0,25,25,0,25,25,0
Gorkha,Sunsari,22,68,128,183,55,128,183,55,128,183,55,128,183,55,128,183,55
Gorkha,Surkhet,22,69,45,75,30,45,75,30,45,75,30,45,75,30,45,75,30
Gorkha,Syangja,22,70,205,336,131,205,336,131,205,336,131,205,336,131,205,336,131
Gorkha,Tanahu,22,71,4761,6552,1791,4761,6552,1791,2999,4063,1064,2025,2886,861,1418,1981,563
Gorkha,Taplejung,22,72,4,9,5,4,9,5,4,9,5,4,9,5,4,9,5
Gorkha,Terhathum,22,73,9,12,3,9,12,3,9,12,3,9,12,3,9,12,3
Gorkha,Udayapur,22,74,62,98,36,62,98,36,62,98,36,62,98,36,62,98,36
Gulmi,Achham,23,0,2,4,2,2,4,2,2,4,2,2,4,2,2,4,2
Gulmi,Arghakhanchi,23,1,1367,2182,815,1251,2033,782,1103,1763,660,647,1076,429,343,633,290
Gulmi,Baglung,23,2,1295,1825,530,1259,1751,492,846,1253,407,631,953,322,560,811,251
Gulmi,Baitadi,23,3,1,3,2,1,3,2,1,3,2,1,3,2,1,3,2
Gulmi,Bajhang,23,4,0,0,0,0,0,0,0,0,0,0,0,0,0,0,0
Gulmi,Bajura,23,5,0,1,1,0,1,1,0,1,1,0,1,1,0,1,1
Gulmi,Banke,23,6,68,86,18,68,86,18,68,86,18,68,86,18,68,86,18
Gulmi,Bara,23,7,29,44,15,29,44,15,29,44,15,29,44,15,29,44,15
Gulmi,Bardiya,23,8,35,51,16,35,51,16,35,51,16,35,51,16,35,51,16
Gulmi,Bhaktapur,23,9,0,0,0,0,0,0,0,0,0,0,0,0,0,0,0
Gulmi,Bhojpur,23,10,2,3,1,2,3,1,2,3,1,2,3,1,2,3,1
Gulmi,Chitawan,23,11,135,226,91,135,226,91,135,226,91,135,226,91,135,226,91
Gulmi,Dadeldhura,23,12,1,1,0,1,1,0,1,1,0,1,1,0,1,1,0
Gulmi,Dailekh,23,13,7,19,12,7,19,12,7,19,12,7,19,12,7,19,12
Gulmi,Dang,23,14,85,138,53,85,138,53,85,138,53,85,138,53,85,138,53
Gulmi,Darchula,23,15,3,1,-2,3,1,-2,3,1,-2,3,1,-2,3,1,-2
Gulmi,Dhading,23,16,23,40,17,23,40,17,23,40,17,23,40,17,23,40,17
Gulmi,Dhankuta,23,17,3,10,7,3,10,7,3,10,7,3,10,7,3,10,7
Gulmi,Dhanusha,23,18,8,21,13,8,21,13,8,21,13,8,21,13,8,21,13
Gulmi,Dolakha,23,19,5,0,-5,5,0,-5,5,0,-5,5,0,-5,5,0,-5
Gulmi,Dolpa,23,20,1,1,0,1,1,0,1,1,0,1,1,0,1,1,0
Gulmi,Doti,23,21,5,6,1,5,6,1,5,6,1,5,6,1,5,6,1
Gulmi,Gorkha,23,22,26,68,42,26,68,42,26,68,42,26,68,42,26,68,42
Gulmi,Gulmi,23,23,0,0,0,0,0,0,0,0,0,0,0,0,0,0,0
Gulmi,Humla,23,24,0,0,0,0,0,0,0,0,0,0,0,0,0,0,0
Gulmi,Ilam,23,25,5,15,10,5,15,10,5,15,10,5,15,10,5,15,10
Gulmi,Jajarkot,23,26,3,4,1,3,4,1,3,4,1,3,4,1,3,4,1
Gulmi,Jhapa,23,27,22,40,18,22,40,18,22,40,18,22,40,18,22,40,18
Gulmi,Jumla,23,28,1,3,2,1,3,2,1,3,2,1,3,2,1,3,2
Gulmi,Kabhrepalanchok,23,29,7,30,23,7,30,23,7,30,23,7,30,23,7,30,23
Gulmi,Kailali,23,30,23,45,22,23,45,22,23,45,22,23,45,22,23,45,22
Gulmi,Kalikot,23,31,0,2,2,0,2,2,0,2,2,0,2,2,0,2,2
Gulmi,Kanchanpur,23,32,25,34,9,25,34,9,25,34,9,25,34,9,25,34,9
Gulmi,Kapilbastu,23,33,238,423,185,238,423,185,238,423,185,238,423,185,238,423,185
Gulmi,Kaski,23,34,241,297,56,241,297,56,241,297,56,241,297,56,241,297,56
Gulmi,Kathmandu,23,35,824,801,-23,824,801,-23,824,801,-23,824,801,-23,824,801,-23
Gulmi,Khotang,23,36,1,9,8,1,9,8,1,9,8,1,9,8,1,9,8
Gulmi,Lalitpur,23,37,0,0,0,0,0,0,0,0,0,0,0,0,0,0,0
Gulmi,Lamjung,23,38,11,13,2,11,13,2,11,13,2,11,13,2,11,13,2
Gulmi,Mahottari,23,39,11,20,9,11,20,9,11,20,9,11,20,9,11,20,9
Gulmi,Makawanpur,23,40,35,50,15,35,50,15,35,50,15,35,50,15,35,50,15
Gulmi,Manang,23,41,0,3,3,0,3,3,0,3,3,0,3,3,0,3,3
Gulmi,Morang,23,42,31,28,-3,31,28,-3,31,28,-3,31,28,-3,31,28,-3
Gulmi,Mugu,23,43,1,2,1,1,2,1,1,2,1,1,2,1,1,2,1
Gulmi,Mustang,23,44,2,5,3,2,5,3,2,5,3,2,5,3,2,5,3
Gulmi,Myagdi,23,45,19,34,15,19,34,15,19,34,15,19,34,15,19,34,15
Gulmi,Nawalparasi,23,46,426,639,213,426,639,213,426,639,213,426,639,213,426,639,213
Gulmi,Nuwakot,23,47,11,20,9,11,20,9,11,20,9,11,20,9,11,20,9
Gulmi,Okhaldhunga,23,48,2,4,2,2,4,2,2,4,2,2,4,2,2,4,2
Gulmi,Palpa,23,49,721,1075,354,695,1041,346,693,1034,341,580,857,277,509,755,246
Gulmi,Panchthar,23,50,6,15,9,6,15,9,6,15,9,6,15,9,6,15,9
Gulmi,Parbat,23,51,161,246,85,161,246,85,161,246,85,73,105,32,34,49,15
Gulmi,Parsa,23,52,18,31,13,18,31,13,18,31,13,18,31,13,18,31,13
Gulmi,Pyuthan,23,53,107,173,66,107,173,66,107,173,66,107,173,66,104,167,63
Gulmi,Ramechhap,23,54,3,4,1,3,4,1,3,4,1,3,4,1,3,4,1
Gulmi,Rasuwa,23,55,2,2,0,2,2,0,2,2,0,2,2,0,2,2,0
Gulmi,Rautahat,23,56,13,16,3,13,16,3,13,16,3,13,16,3,13,16,3
Gulmi,Rolpa,23,57,13,23,10,13,23,10,13,23,10,13,23,10,13,23,10
Gulmi,Rukum,23,58,8,10,2,8,10,2,8,10,2,8,10,2,8,10,2
Gulmi,Rupandehi,23,59,1970,3168,1198,1970,3168,1198,1970,3168,1198,1970,3168,1198,1970,3168,1198
Gulmi,Salyan,23,60,6,15,9,6,15,9,6,15,9,6,15,9,6,15,9
Gulmi,Sankhuwasabha,23,61,1,9,8,1,9,8,1,9,8,1,9,8,1,9,8
Gulmi,Saptari,23,62,14,23,9,14,23,9,14,23,9,14,23,9,14,23,9
Gulmi,Sarlahi,23,63,14,19,5,14,19,5,14,19,5,14,19,5,14,19,5
Gulmi,Sindhuli,23,64,27,28,1,27,28,1,27,28,1,27,28,1,27,28,1
Gulmi,Sindhupalchok,23,65,8,7,-1,8,7,-1,8,7,-1,8,7,-1,8,7,-1
Gulmi,Siraha,23,66,6,17,11,6,17,11,6,17,11,6,17,11,6,17,11
Gulmi,Solukhumbu,23,67,2,4,2,2,4,2,2,4,2,2,4,2,2,4,2
Gulmi,Sunsari,23,68,28,48,20,28,48,20,28,48,20,28,48,20,28,48,20
Gulmi,Surkhet,23,69,18,35,17,18,35,17,18,35,17,18,35,17,18,35,17
Gulmi,Syangja,23,70,1047,1373,326,1047,1373,326,991,1294,303,758,1022,264,358,527,169
Gulmi,Tanahu,23,71,45,86,41,45,86,41,45,86,41,45,86,41,45,86,41
Gulmi,Taplejung,23,72,4,0,-4,4,0,-4,4,0,-4,4,0,-4,4,0,-4
Gulmi,Terhathum,23,73,2,4,2,2,4,2,2,4,2,2,4,2,2,4,2
Gulmi,Udayapur,23,74,14,22,8,14,22,8,14,22,8,14,22,8,14,22,8
Humla,Achham,24,0,1,0,-1,1,0,-1,1,0,-1,1,0,-1,1,0,-1
Humla,Arghakhanchi,24,1,0,1,1,0,1,1,0,1,1,0,1,1,0,1,1
Humla,Baglung,24,2,0,1,1,0,1,1,0,1,1,0,1,1,0,1,1
Humla,Baitadi,24,3,0,1,1,0,1,1,0,1,1,0,1,1,0,1,1
Humla,Bajhang,24,4,0,0,0,0,0,0,0,0,0,0,0,0,0,0,0
Humla,Bajura,24,5,0,0,0,0,0,0,0,0,0,0,0,0,0,0,0
Humla,Banke,24,6,26,52,26,26,52,26,26,52,26,26,52,26,26,52,26
Humla,Bara,24,7,1,1,0,1,1,0,1,1,0,1,1,0,1,1,0
Humla,Bardiya,24,8,5,8,3,5,8,3,5,8,3,5,8,3,5,8,3
Humla,Bhaktapur,24,9,0,0,0,0,0,0,0,0,0,0,0,0,0,0,0
Humla,Bhojpur,24,10,0,0,0,0,0,0,0,0,0,0,0,0,0,0,0
Humla,Chitawan,24,11,4,3,-1,4,3,-1,4,3,-1,4,3,-1,4,3,-1
Humla,Dadeldhura,24,12,1,1,0,1,1,0,1,1,0,1,1,0,1,1,0
Humla,Dailekh,24,13,1,2,1,1,2,1,1,2,1,1,2,1,1,2,1
Humla,Dang,24,14,6,10,4,6,10,4,6,10,4,6,10,4,6,10,4
Humla,Darchula,24,15,0,1,1,0,1,1,0,1,1,0,1,1,0,1,1
Humla,Dhading,24,16,1,1,0,1,1,0,1,1,0,1,1,0,1,1,0
Humla,Dhankuta,24,17,0,0,0,0,0,0,0,0,0,0,0,0,0,0,0
Humla,Dhanusha,24,18,1,1,0,1,1,0,1,1,0,1,1,0,1,1,0
Humla,Dolakha,24,19,0,1,1,0,1,1,0,1,1,0,1,1,0,1,1
Humla,Dolpa,24,20,0,0,0,0,0,0,0,0,0,0,0,0,0,0,0
Humla,Doti,24,21,3,1,-2,3,1,-2,3,1,-2,3,1,-2,3,1,-2
Humla,Gorkha,24,22,2,4,2,2,4,2,2,4,2,2,4,2,2,4,2
Humla,Gulmi,24,23,0,0,0,0,0,0,0,0,0,0,0,0,0,0,0
Humla,Humla,24,24,0,0,0,0,0,0,0,0,0,0,0,0,0,0,0
Humla,Ilam,24,25,0,1,1,0,1,1,0,1,1,0,1,1,0,1,1
Humla,Jajarkot,24,26,0,1,1,0,1,1,0,1,1,0,1,1,0,1,1
Humla,Jhapa,24,27,1,2,1,1,2,1,1,2,1,1,2,1,1,2,1
Humla,Jumla,24,28,0,2,2,0,2,2,0,2,2,0,2,2,0,2,2
Humla,Kabhrepalanchok,24,29,1,0,-1,1,0,-1,1,0,-1,1,0,-1,1,0,-1
Humla,Kailali,24,30,5,8,3,5,8,3,5,8,3,5,8,3,5,8,3
Humla,Kalikot,24,31,0,0,0,0,0,0,0,0,0,0,0,0,0,0,0
Humla,Kanchanpur,24,32,1,5,4,1,5,4,1,5,4,1,5,4,1,5,4
Humla,Kapilbastu,24,33,3,0,-3,3,0,-3,3,0,-3,3,0,-3,3,0,-3
Humla,Kaski,24,34,2,5,3,2,5,3,2,5,3,2,5,3,2,5,3
Humla,Kathmandu,24,35,40,62,22,40,62,22,40,62,22,40,62,22,40,62,22
Humla,Khotang,24,36,0,0,0,0,0,0,0,0,0,0,0,0,0,0,0
Humla,Lalitpur,24,37,0,0,0,0,0,0,0,0,0,0,0,0,0,0,0
Humla,Lamjung,24,38,2,2,0,2,2,0,2,2,0,2,2,0,2,2,0
Humla,Mahottari,24,39,0,1,1,0,1,1,0,1,1,0,1,1,0,1,1
Humla,Makawanpur,24,40,0,5,5,0,5,5,0,5,5,0,5,5,0,5,5
Humla,Manang,24,41,0,0,0,0,0,0,0,0,0,0,0,0,0,0,0
Humla,Morang,24,42,1,1,0,1,1,0,1,1,0,1,1,0,1,1,0
Humla,Mugu,24,43,0,0,0,0,0,0,0,0,0,0,0,0,0,0,0
Humla,Mustang,24,44,0,0,0,0,0,0,0,0,0,0,0,0,0,0,0
Humla,Myagdi,24,45,0,0,0,0,0,0,0,0,0,0,0,0,0,0,0
Humla,Nawalparasi,24,46,0,1,1,0,1,1,0,1,1,0,1,1,0,1,1
Humla,Nuwakot,24,47,0,0,0,0,0,0,0,0,0,0,0,0,0,0,0
Humla,Okhaldhunga,24,48,0,0,0,0,0,0,0,0,0,0,0,0,0,0,0
Humla,Palpa,24,49,7,10,3,7,10,3,7,10,3,7,10,3,7,10,3
Humla,Panchthar,24,50,0,0,0,0,0,0,0,0,0,0,0,0,0,0,0
Humla,Parbat,24,51,1,0,-1,1,0,-1,1,0,-1,1,0,-1,1,0,-1
Humla,Parsa,24,52,0,0,0,0,0,0,0,0,0,0,0,0,0,0,0
Humla,Pyuthan,24,53,0,1,1,0,1,1,0,1,1,0,1,1,0,1,1
Humla,Ramechhap,24,54,0,0,0,0,0,0,0,0,0,0,0,0,0,0,0
Humla,Rasuwa,24,55,0,0,0,0,0,0,0,0,0,0,0,0,0,0,0
Humla,Rautahat,24,56,1,2,1,1,2,1,1,2,1,1,2,1,1,2,1
Humla,Rolpa,24,57,0,3,3,0,3,3,0,3,3,0,3,3,0,3,3
Humla,Rukum,24,58,0,0,0,0,0,0,0,0,0,0,0,0,0,0,0
Humla,Rupandehi,24,59,1,1,0,1,1,0,1,1,0,1,1,0,1,1,0
Humla,Salyan,24,60,1,2,1,1,2,1,1,2,1,1,2,1,1,2,1
Humla,Sankhuwasabha,24,61,0,0,0,0,0,0,0,0,0,0,0,0,0,0,0
Humla,Saptari,24,62,2,1,-1,2,1,-1,2,1,-1,2,1,-1,2,1,-1
Humla,Sarlahi,24,63,0,3,3,0,3,3,0,3,3,0,3,3,0,3,3
Humla,Sindhuli,24,64,0,1,1,0,1,1,0,1,1,0,1,1,0,1,1
Humla,Sindhupalchok,24,65,0,0,0,0,0,0,0,0,0,0,0,0,0,0,0
Humla,Siraha,24,66,1,0,-1,1,0,-1,1,0,-1,1,0,-1,1,0,-1
Humla,Solukhumbu,24,67,0,1,1,0,1,1,0,1,1,0,1,1,0,1,1
Humla,Sunsari,24,68,0,2,2,0,2,2,0,2,2,0,2,2,0,2,2
Humla,Surkhet,24,69,12,26,14,12,26,14,12,26,14,12,26,14,12,26,14
Humla,Syangja,24,70,2,4,2,2,4,2,2,4,2,2,4,2,2,4,2
Humla,Tanahu,24,71,0,4,4,0,4,4,0,4,4,0,4,4,0,4,4
Humla,Taplejung,24,72,0,0,0,0,0,0,0,0,0,0,0,0,0,0,0
Humla,Terhathum,24,73,1,0,-1,1,0,-1,1,0,-1,1,0,-1,1,0,-1
Humla,Udayapur,24,74,0,0,0,0,0,0,0,0,0,0,0,0,0,0,0
Ilam,Achham,25,0,1,4,3,1,4,3,1,4,3,1,4,3,1,4,3
Ilam,Arghakhanchi,25,1,6,18,12,6,18,12,6,18,12,6,18,12,6,18,12
Ilam,Baglung,25,2,11,17,6,11,17,6,11,17,6,11,17,6,11,17,6
Ilam,Baitadi,25,3,1,0,-1,1,0,-1,1,0,-1,1,0,-1,1,0,-1
Ilam,Bajhang,25,4,1,0,-1,1,0,-1,1,0,-1,1,0,-1,1,0,-1
Ilam,Bajura,25,5,0,2,2,0,2,2,0,2,2,0,2,2,0,2,2
Ilam,Banke,25,6,28,61,33,28,61,33,28,61,33,28,61,33,28,61,33
Ilam,Bara,25,7,83,97,14,83,97,14,83,97,14,83,97,14,83,97,14
Ilam,Bardiya,25,8,31,42,11,31,42,11,31,42,11,31,42,11,31,42,11
Ilam,Bhaktapur,25,9,0,0,0,0,0,0,0,0,0,0,0,0,0,0,0
Ilam,Bhojpur,25,10,60,89,29,60,89,29,60,89,29,60,89,29,60,89,29
Ilam,Chitawan,25,11,102,263,161,102,263,161,102,263,161,102,263,161,102,263,161
Ilam,Dadeldhura,25,12,5,10,5,5,10,5,5,10,5,5,10,5,5,10,5
Ilam,Dailekh,25,13,8,11,3,8,11,3,8,11,3,8,11,3,8,11,3
Ilam,Dang,25,14,34,79,45,34,79,45,34,79,45,34,79,45,34,79,45
Ilam,Darchula,25,15,0,4,4,0,4,4,0,4,4,0,4,4,0,4,4
Ilam,Dhading,25,16,37,60,23,37,60,23,37,60,23,37,60,23,37,60,23
Ilam,Dhankuta,25,17,323,519,196,323,519,196,323,519,196,323,519,196,323,519,196
Ilam,Dhanusha,25,18,67,87,20,67,87,20,67,87,20,67,87,20,67,87,20
Ilam,Dolakha,25,19,24,16,-8,24,16,-8,24,16,-8,24,16,-8,24,16,-8
Ilam,Dolpa,25,20,1,1,0,1,1,0,1,1,0,1,1,0,1,1,0
Ilam,Doti,25,21,4,8,4,4,8,4,4,8,4,4,8,4,4,8,4
Ilam,Gorkha,25,22,36,77,41,36,77,41,36,77,41,36,77,41,36,77,41
Ilam,Gulmi,25,23,8,15,7,8,15,7,8,15,7,8,15,7,8,15,7
Ilam,Humla,25,24,0,0,0,0,0,0,0,0,0,0,0,0,0,0,0
Ilam,Ilam,25,25,0,0,0,0,0,0,0,0,0,0,0,0,0,0,0
Ilam,Jajarkot,25,26,1,0,-1,1,0,-1,1,0,-1,1,0,-1,1,0,-1
Ilam,Jhapa,25,27,10919,14295,3376,10919,14295,3376,9796,12941,3145,9142,12114,2972,8131,10803,2672
Ilam,Jumla,25,28,0,0,0,0,0,0,0,0,0,0,0,0,0,0,0
Ilam,Kabhrepalanchok,25,29,51,89,38,51,89,38,51,89,38,51,89,38,51,89,38
Ilam,Kailali,25,30,44,67,23,44,67,23,44,67,23,44,67,23,44,67,23
Ilam,Kalikot,25,31,0,1,1,0,1,1,0,1,1,0,1,1,0,1,1
Ilam,Kanchanpur,25,32,25,47,22,25,47,22,25,47,22,25,47,22,25,47,22
Ilam,Kapilbastu,25,33,16,18,2,16,18,2,16,18,2,16,18,2,16,18,2
Ilam,Kaski,25,34,104,176,72,104,176,72,104,176,72,104,176,72,104,176,72
Ilam,Kathmandu,25,35,2225,2612,387,2225,2612,387,2225,2612,387,2225,2612,387,2225,2612,387
Ilam,Khotang,25,36,47,78,31,47,78,31,47,78,31,47,78,31,47,78,31
Ilam,Lalitpur,25,37,0,0,0,0,0,0,0,0,0,0,0,0,0,0,0
Ilam,Lamjung,25,38,11,16,5,11,16,5,11,16,5,11,16,5,11,16,5
Ilam,Mahottari,25,39,34,56,22,34,56,22,34,56,22,34,56,22,34,56,22
Ilam,Makawanpur,25,40,81,161,80,81,161,80,81,161,80,81,161,80,81,161,80
Ilam,Manang,25,41,0,0,0,0,0,0,0,0,0,0,0,0,0,0,0
Ilam,Morang,25,42,1825,2524,699,1825,2524,699,1823,2521,698,1692,2389,697,1614,2290,676
Ilam,Mugu,25,43,0,0,0,0,0,0,0,0,0,0,0,0,0,0,0
Ilam,Mustang,25,44,2,1,-1,2,1,-1,2,1,-1,2,1,-1,2,1,-1
Ilam,Myagdi,25,45,5,9,4,5,9,4,5,9,4,5,9,4,5,9,4
Ilam,Nawalparasi,25,46,36,73,37,36,73,37,36,73,37,36,73,37,36,73,37
Ilam,Nuwakot,25,47,32,36,4,32,36,4,32,36,4,32,36,4,32,36,4
Ilam,Okhaldhunga,25,48,8,17,9,8,17,9,8,17,9,8,17,9,8,17,9
Ilam,Palpa,25,49,10,14,4,10,14,4,10,14,4,10,14,4,10,14,4
Ilam,Panchthar,25,50,3275,4501,1226,3275,4501,1226,3189,4369,1180,2784,3874,1090,2238,3200,962
Ilam,Parbat,25,51,10,10,0,10,10,0,10,10,0,10,10,0,10,10,0
Ilam,Parsa,25,52,48,50,2,48,50,2,48,50,2,48,50,2,48,50,2
Ilam,Pyuthan,25,53,5,9,4,5,9,4,5,9,4,5,9,4,5,9,4
Ilam,Ramechhap,25,54,6,12,6,6,12,6,6,12,6,6,12,6,6,12,6
Ilam,Rasuwa,25,55,2,2,0,2,2,0,2,2,0,2,2,0,2,2,0
Ilam,Rautahat,25,56,31,44,13,31,44,13,31,44,13,31,44,13,31,44,13
Ilam,Rolpa,25,57,3,4,1,3,4,1,3,4,1,3,4,1,3,4,1
Ilam,Rukum,25,58,0,3,3,0,3,3,0,3,3,0,3,3,0,3,3
Ilam,Rupandehi,25,59,41,85,44,41,85,44,41,85,44,41,85,44,41,85,44
Ilam,Salyan,25,60,2,12,10,2,12,10,2,12,10,2,12,10,2,12,10
Ilam,Sankhuwasabha,25,61,106,164,58,106,164,58,106,164,58,106,164,58,106,164,58
Ilam,Saptari,25,62,153,222,69,153,222,69,153,222,69,153,222,69,153,222,69
Ilam,Sarlahi,25,63,49,88,39,49,88,39,49,88,39,49,88,39,49,88,39
Ilam,Sindhuli,25,64,36,72,36,36,72,36,36,72,36,36,72,36,36,72,36
Ilam,Sindhupalchok,25,65,22,31,9,22,31,9,22,31,9,22,31,9,22,31,9
Ilam,Siraha,25,66,84,87,3,84,87,3,84,87,3,84,87,3,84,87,3
Ilam,Solukhumbu,25,67,17,26,9,17,26,9,17,26,9,17,26,9,17,26,9
Ilam,Sunsari,25,68,832,1210,378,832,1210,378,832,1210,378,832,1210,378,832,1210,378
Ilam,Surkhet,25,69,20,34,14,20,34,14,20,34,14,20,34,14,20,34,14
Ilam,Syangja,25,70,20,31,11,20,31,11,20,31,11,20,31,11,20,31,11
Ilam,Tanahu,25,71,42,61,19,42,61,19,42,61,19,42,61,19,42,61,19
Ilam,Taplejung,25,72,165,207,42,165,207,42,165,207,42,165,207,42,165,207,42
Ilam,Terhathum,25,73,239,430,191,239,430,191,239,430,191,239,430,191,239,430,191
Ilam,Udayapur,25,74,158,201,43,158,201,43,158,201,43,158,201,43,158,201,43
Jajarkot,Achham,26,0,3,0,-3,3,0,-3,3,0,-3,3,0,-3,3,0,-3
Jajarkot,Arghakhanchi,26,1,1,4,3,1,4,3,1,4,3,1,4,3,1,4,3
Jajarkot,Baglung,26,2,2,1,-1,2,1,-1,2,1,-1,2,1,-1,2,1,-1
Jajarkot,Baitadi,26,3,0,0,0,0,0,0,0,0,0,0,0,0,0,0,0
Jajarkot,Bajhang,26,4,0,0,0,0,0,0,0,0,0,0,0,0,0,0,0
Jajarkot,Bajura,26,5,0,0,0,0,0,0,0,0,0,0,0,0,0,0,0
Jajarkot,Banke,26,6,240,495,255,240,495,255,240,495,255,240,495,255,240,495,255
Jajarkot,Bara,26,7,3,6,3,3,6,3,3,6,3,3,6,3,3,6,3
Jajarkot,Bardiya,26,8,101,193,92,101,193,92,101,193,92,101,193,92,101,193,92
Jajarkot,Bhaktapur,26,9,0,0,0,0,0,0,0,0,0,0,0,0,0,0,0
Jajarkot,Bhojpur,26,10,0,1,1,0,1,1,0,1,1,0,1,1,0,1,1
Jajarkot,Chitawan,26,11,10,12,2,10,12,2,10,12,2,10,12,2,10,12,2
Jajarkot,Dadeldhura,26,12,0,0,0,0,0,0,0,0,0,0,0,0,0,0,0
Jajarkot,Dailekh,26,13,19,38,19,19,38,19,19,38,19,19,38,19,19,38,19
Jajarkot,Dang,26,14,48,114,66,48,114,66,48,114,66,48,114,66,48,114,66
Jajarkot,Darchula,26,15,0,1,1,0,1,1,0,1,1,0,1,1,0,1,1
Jajarkot,Dhading,26,16,4,6,2,4,6,2,4,6,2,4,6,2,4,6,2
Jajarkot,Dhankuta,26,17,2,3,1,2,3,1,2,3,1,2,3,1,2,3,1
Jajarkot,Dhanusha,26,18,4,6,2,4,6,2,4,6,2,4,6,2,4,6,2
Jajarkot,Dolakha,26,19,3,0,-3,3,0,-3,3,0,-3,3,0,-3,3,0,-3
Jajarkot,Dolpa,26,20,3,10,7,3,10,7,3,10,7,3,10,7,3,10,7
Jajarkot,Doti,26,21,0,1,1,0,1,1,0,1,1,0,1,1,0,1,1
Jajarkot,Gorkha,26,22,5,12,7,5,12,7,5,12,7,5,12,7,5,12,7
Jajarkot,Gulmi,26,23,2,0,-2,2,0,-2,2,0,-2,2,0,-2,2,0,-2
Jajarkot,Humla,26,24,0,0,0,0,0,0,0,0,0,0,0,0,0,0,0
Jajarkot,Ilam,26,25,0,3,3,0,3,3,0,3,3,0,3,3,0,3,3
Jajarkot,Jajarkot,26,26,0,0,0,0,0,0,0,0,0,0,0,0,0,0,0
Jajarkot,Jhapa,26,27,2,4,2,2,4,2,2,4,2,2,4,2,2,4,2
Jajarkot,Jumla,26,28,3,5,2,3,5,2,3,5,2,3,5,2,3,5,2
Jajarkot,Kabhrepalanchok,26,29,2,2,0,2,2,0,2,2,0,2,2,0,2,2,0
Jajarkot,Kailali,26,30,16,31,15,16,31,15,16,31,15,16,31,15,16,31,15
Jajarkot,Kalikot,26,31,1,5,4,1,5,4,1,5,4,1,5,4,1,5,4
Jajarkot,Kanchanpur,26,32,10,10,0,10,10,0,10,10,0,10,10,0,10,10,0
Jajarkot,Kapilbastu,26,33,3,5,2,3,5,2,3,5,2,3,5,2,3,5,2
Jajarkot,Kaski,26,34,7,11,4,7,11,4,7,11,4,7,11,4,7,11,4
Jajarkot,Kathmandu,26,35,104,128,24,104,128,24,104,128,24,104,128,24,104,128,24
Jajarkot,Khotang,26,36,0,1,1,0,1,1,0,1,1,0,1,1,0,1,1
Jajarkot,Lalitpur,26,37,0,0,0,0,0,0,0,0,0,0,0,0,0,0,0
Jajarkot,Lamjung,26,38,2,1,-1,2,1,-1,2,1,-1,2,1,-1,2,1,-1
Jajarkot,Mahottari,26,39,0,1,1,0,1,1,0,1,1,0,1,1,0,1,1
Jajarkot,Makawanpur,26,40,7,9,2,7,9,2,7,9,2,7,9,2,7,9,2
Jajarkot,Manang,26,41,0,0,0,0,0,0,0,0,0,0,0,0,0,0,0
Jajarkot,Morang,26,42,0,4,4,0,4,4,0,4,4,0,4,4,0,4,4
Jajarkot,Mugu,26,43,1,2,1,1,2,1,1,2,1,1,2,1,1,2,1
Jajarkot,Mustang,26,44,0,0,0,0,0,0,0,0,0,0,0,0,0,0,0
Jajarkot,Myagdi,26,45,0,3,3,0,3,3,0,3,3,0,3,3,0,3,3
Jajarkot,Nawalparasi,26,46,3,20,17,3,20,17,3,20,17,3,20,17,3,20,17
Jajarkot,Nuwakot,26,47,2,2,0,2,2,0,2,2,0,2,2,0,2,2,0
Jajarkot,Okhaldhunga,26,48,1,0,-1,1,0,-1,1,0,-1,1,0,-1,1,0,-1
Jajarkot,Palpa,26,49,2,9,7,2,9,7,2,9,7,2,9,7,2,9,7
Jajarkot,Panchthar,26,50,2,1,-1,2,1,-1,2,1,-1,2,1,-1,2,1,-1
Jajarkot,Parbat,26,51,0,2,2,0,2,2,0,2,2,0,2,2,0,2,2
Jajarkot,Parsa,26,52,7,6,-1,7,6,-1,7,6,-1,7,6,-1,7,6,-1
Jajarkot,Pyuthan,26,53,3,3,0,3,3,0,3,3,0,3,3,0,3,3,0
Jajarkot,Ramechhap,26,54,0,0,0,0,0,0,0,0,0,0,0,0,0,0,0
Jajarkot,Rasuwa,26,55,0,0,0,0,0,0,0,0,0,0,0,0,0,0,0
Jajarkot,Rautahat,26,56,3,4,1,3,4,1,3,4,1,3,4,1,3,4,1
Jajarkot,Rolpa,26,57,5,4,-1,5,4,-1,5,4,-1,5,4,-1,5,4,-1
Jajarkot,Rukum,26,58,529,1026,497,529,1026,497,529,1026,497,124,411,287,113,380,267
Jajarkot,Rupandehi,26,59,10,17,7,10,17,7,10,17,7,10,17,7,10,17,7
Jajarkot,Salyan,26,60,525,804,279,525,804,279,525,804,279,525,804,279,427,627,200
Jajarkot,Sankhuwasabha,26,61,1,1,0,1,1,0,1,1,0,1,1,0,1,1,0
Jajarkot,Saptari,26,62,2,3,1,2,3,1,2,3,1,2,3,1,2,3,1
Jajarkot,Sarlahi,26,63,8,6,-2,8,6,-2,8,6,-2,8,6,-2,8,6,-2
Jajarkot,Sindhuli,26,64,1,5,4,1,5,4,1,5,4,1,5,4,1,5,4
Jajarkot,Sindhupalchok,26,65,1,3,2,1,3,2,1,3,2,1,3,2,1,3,2
Jajarkot,Siraha,26,66,0,2,2,0,2,2,0,2,2,0,2,2,0,2,2
Jajarkot,Solukhumbu,26,67,0,0,0,0,0,0,0,0,0,0,0,0,0,0,0
Jajarkot,Sunsari,26,68,4,11,7,4,11,7,4,11,7,4,11,7,4,11,7
Jajarkot,Surkhet,26,69,265,491,226,265,491,226,265,491,226,265,491,226,198,360,162
Jajarkot,Syangja,26,70,1,6,5,1,6,5,1,6,5,1,6,5,1,6,5
Jajarkot,Tanahu,26,71,3,8,5,3,8,5,3,8,5,3,8,5,3,8,5
Jajarkot,Taplejung,26,72,0,0,0,0,0,0,0,0,0,0,0,0,0,0,0
Jajarkot,Terhathum,26,73,0,0,0,0,0,0,0,0,0,0,0,0,0,0,0
Jajarkot,Udayapur,26,74,3,3,0,3,3,0,3,3,0,3,3,0,3,3,0
Jhapa,Achham,27,0,10,9,-1,10,9,-1,10,9,-1,10,9,-1,10,9,-1
Jhapa,Arghakhanchi,27,1,34,66,32,34,66,32,34,66,32,34,66,32,34,66,32
Jhapa,Baglung,27,2,35,73,38,35,73,38,35,73,38,35,73,38,35,73,38
Jhapa,Baitadi,27,3,5,13,8,5,13,8,5,13,8,5,13,8,5,13,8
Jhapa,Bajhang,27,4,1,2,1,1,2,1,1,2,1,1,2,1,1,2,1
Jhapa,Bajura,27,5,0,2,2,0,2,2,0,2,2,0,2,2,0,2,2
Jhapa,Banke,27,6,117,195,78,117,195,78,117,195,78,117,195,78,117,195,78
Jhapa,Bara,27,7,325,546,221,325,546,221,325,546,221,325,546,221,325,546,221
Jhapa,Bardiya,27,8,45,93,48,45,93,48,45,93,48,45,93,48,45,93,48
Jhapa,Bhaktapur,27,9,0,0,0,0,0,0,0,0,0,0,0,0,0,0,0
Jhapa,Bhojpur,27,10,376,647,271,376,647,271,376,647,271,376,647,271,376,647,271
Jhapa,Chitawan,27,11,702,1085,383,702,1085,383,702,1085,383,702,1085,383,702,1085,383
Jhapa,Dadeldhura,27,12,9,10,1,9,10,1,9,10,1,9,10,1,9,10,1
Jhapa,Dailekh,27,13,21,39,18,21,39,18,21,39,18,21,39,18,21,39,18
Jhapa,Dang,27,14,105,185,80,105,185,80,105,185,80,105,185,80,105,185,80
Jhapa,Darchula,27,15,2,6,4,2,6,4,2,6,4,2,6,4,2,6,4
Jhapa,Dhading,27,16,204,287,83,204,287,83,204,287,83,204,287,83,204,287,83
Jhapa,Dhankuta,27,17,1095,1524,429,1095,1524,429,1095,1524,429,1095,1524,429,1095,1524,429
Jhapa,Dhanusha,27,18,464,681,217,464,681,217,464,681,217,464,681,217,464,681,217
Jhapa,Dolakha,27,19,81,35,-46,81,35,-46,81,35,-46,81,35,-46,81,35,-46
Jhapa,Dolpa,27,20,0,1,1,0,1,1,0,1,1,0,1,1,0,1,1
Jhapa,Doti,27,21,22,17,-5,22,17,-5,22,17,-5,22,17,-5,22,17,-5
Jhapa,Gorkha,27,22,154,280,126,154,280,126,154,280,126,154,280,126,154,280,126
Jhapa,Gulmi,27,23,28,55,27,28,55,27,28,55,27,28,55,27,28,55,27
Jhapa,Humla,27,24,0,1,1,0,1,1,0,1,1,0,1,1,0,1,1
Jhapa,Ilam,27,25,10604,14660,4056,10604,14660,4056,9487,13046,3559,8834,12210,3376,7813,10891,3078
Jhapa,Jajarkot,27,26,3,3,0,3,3,0,3,3,0,3,3,0,3,3,0
Jhapa,Jhapa,27,27,0,0,0,0,0,0,0,0,0,0,0,0,0,0,0
Jhapa,Jumla,27,28,3,3,0,3,3,0,3,3,0,3,3,0,3,3,0
Jhapa,Kabhrepalanchok,27,29,191,347,156,191,347,156,191,347,156,191,347,156,191,347,156
Jhapa,Kailali,27,30,161,332,171,161,332,171,161,332,171,161,332,171,161,332,171
Jhapa,Kalikot,27,31,2,4,2,2,4,2,2,4,2,2,4,2,2,4,2
Jhapa,Kanchanpur,27,32,70,125,55,70,125,55,70,125,55,70,125,55,70,125,55
Jhapa,Kapilbastu,27,33,61,97,36,61,97,36,61,97,36,61,97,36,61,97,36
Jhapa,Kaski,27,34,464,668,204,464,668,204,464,668,204,464,668,204,464,668,204
Jhapa,Kathmandu,27,35,11256,12484,1228,11256,12484,1228,11256,12484,1228,11256,12484,1228,11256,12484,1228
Jhapa,Khotang,27,36,241,402,161,241,402,161,241,402,161,241,402,161,241,402,161
Jhapa,Lalitpur,27,37,0,0,0,0,0,0,0,0,0,0,0,0,0,0,0
Jhapa,Lamjung,27,38,44,88,44,44,88,44,44,88,44,44,88,44,44,88,44
Jhapa,Mahottari,27,39,212,344,132,212,344,132,212,344,132,212,344,132,212,344,132
Jhapa,Makawanpur,27,40,394,688,294,394,688,294,394,688,294,394,688,294,394,688,294
Jhapa,Manang,27,41,1,2,1,1,2,1,1,2,1,1,2,1,1,2,1
Jhapa,Morang,27,42,17033,22116,5083,17033,22116,5083,13912,18175,4263,12676,16598,3922,11616,15165,3549
Jhapa,Mugu,27,43,0,1,1,0,1,1,0,1,1,0,1,1,0,1,1
Jhapa,Mustang,27,44,3,9,6,3,9,6,3,9,6,3,9,6,3,9,6
Jhapa,Myagdi,27,45,25,37,12,25,37,12,25,37,12,25,37,12,25,37,12
Jhapa,Nawalparasi,27,46,192,339,147,192,339,147,192,339,147,192,339,147,192,339,147
Jhapa,Nuwakot,27,47,77,102,25,77,102,25,77,102,25,77,102,25,77,102,25
Jhapa,Okhaldhunga,27,48,65,76,11,65,76,11,65,76,11,65,76,11,65,76,11
Jhapa,Palpa,27,49,40,52,12,40,52,12,40,52,12,40,52,12,40,52,12
Jhapa,Panchthar,27,50,4461,6295,1834,4461,6295,1834,4461,6295,1834,4461,6295,1834,4461,6295,1834
Jhapa,Parbat,27,51,23,43,20,23,43,20,23,43,20,23,43,20,23,43,20
Jhapa,Parsa,27,52,240,354,114,240,354,114,240,354,114,240,354,114,240,354,114
Jhapa,Pyuthan,27,53,10,30,20,10,30,20,10,30,20,10,30,20,10,30,20
Jhapa,Ramechhap,27,54,30,39,9,30,39,9,30,39,9,30,39,9,30,39,9
Jhapa,Rasuwa,27,55,8,6,-2,8,6,-2,8,6,-2,8,6,-2,8,6,-2
Jhapa,Rautahat,27,56,162,257,95,162,257,95,162,257,95,162,257,95,162,257,95
Jhapa,Rolpa,27,57,15,21,6,15,21,6,15,21,6,15,21,6,15,21,6
Jhapa,Rukum,27,58,9,12,3,9,12,3,9,12,3,9,12,3,9,12,3
Jhapa,Rupandehi,27,59,293,414,121,293,414,121,293,414,121,293,414,121,293,414,121
Jhapa,Salyan,27,60,17,24,7,17,24,7,17,24,7,17,24,7,17,24,7
Jhapa,Sankhuwasabha,27,61,672,1001,329,672,1001,329,672,1001,329,672,1001,329,672,1001,329
Jhapa,Saptari,27,62,874,1237,363,874,1237,363,874,1237,363,874,1237,363,874,1237,363
Jhapa,Sarlahi,27,63,326,575,249,326,575,249,326,575,249,326,575,249,326,575,249
Jhapa,Sindhuli,27,64,182,366,184,182,366,184,182,366,184,182,366,184,182,366,184
Jhapa,Sindhupalchok,27,65,62,101,39,62,101,39,62,101,39,62,101,39,62,101,39
Jhapa,Siraha,27,66,514,692,178,514,692,178,514,692,178,514,692,178,514,692,178
Jhapa,Solukhumbu,27,67,63,100,37,63,100,37,63,100,37,63,100,37,63,100,37
Jhapa,Sunsari,27,68,6630,8704,2074,6630,8704,2074,6630,8704,2074,6630,8704,2074,6630,8704,2074
Jhapa,Surkhet,27,69,33,73,40,33,73,40,33,73,40,33,73,40,33,73,40
Jhapa,Syangja,27,70,85,130,45,85,130,45,85,130,45,85,130,45,85,130,45
Jhapa,Tanahu,27,71,146,258,112,146,258,112,146,258,112,146,258,112,146,258,112
Jhapa,Taplejung,27,72,903,969,66,903,969,66,903,969,66,903,969,66,903,969,66
Jhapa,Terhathum,27,73,770,1221,451,770,1221,451,770,1221,451,770,1221,451,770,1221,451
Jhapa,Udayapur,27,74,799,1200,401,799,1200,401,799,1200,401,799,1200,401,799,1200,401
Jumla,Achham,28,0,2,0,-2,2,0,-2,2,0,-2,2,0,-2,2,0,-2
Jumla,Arghakhanchi,28,1,2,2,0,2,2,0,2,2,0,2,2,0,2,2,0
Jumla,Baglung,28,2,0,0,0,0,0,0,0,0,0,0,0,0,0,0,0
Jumla,Baitadi,28,3,4,0,-4,4,0,-4,4,0,-4,4,0,-4,4,0,-4
Jumla,Bajhang,28,4,0,0,0,0,0,0,0,0,0,0,0,0,0,0,0
Jumla,Bajura,28,5,0,0,0,0,0,0,0,0,0,0,0,0,0,0,0
Jumla,Banke,28,6,47,83,36,47,83,36,47,83,36,47,83,36,47,83,36
Jumla,Bara,28,7,0,2,2,0,2,2,0,2,2,0,2,2,0,2,2
Jumla,Bardiya,28,8,18,33,15,18,33,15,18,33,15,18,33,15,18,33,15
Jumla,Bhaktapur,28,9,0,0,0,0,0,0,0,0,0,0,0,0,0,0,0
Jumla,Bhojpur,28,10,0,0,0,0,0,0,0,0,0,0,0,0,0,0,0
Jumla,Chitawan,28,11,2,4,2,2,4,2,2,4,2,2,4,2,2,4,2
Jumla,Dadeldhura,28,12,0,6,6,0,6,6,0,6,6,0,6,6,0,6,6
Jumla,Dailekh,28,13,12,24,12,12,24,12,12,24,12,12,24,12,12,24,12
Jumla,Dang,28,14,11,14,3,11,14,3,11,14,3,11,14,3,11,14,3
Jumla,Darchula,28,15,0,0,0,0,0,0,0,0,0,0,0,0,0,0,0
Jumla,Dhading,28,16,1,2,1,1,2,1,1,2,1,1,2,1,1,2,1
Jumla,Dhankuta,28,17,1,1,0,1,1,0,1,1,0,1,1,0,1,1,0
Jumla,Dhanusha,28,18,1,0,-1,1,0,-1,1,0,-1,1,0,-1,1,0,-1
Jumla,Dolakha,28,19,0,0,0,0,0,0,0,0,0,0,0,0,0,0,0
Jumla,Dolpa,28,20,0,3,3,0,3,3,0,3,3,0,3,3,0,3,3
Jumla,Doti,28,21,0,2,2,0,2,2,0,2,2,0,2,2,0,2,2
Jumla,Gorkha,28,22,3,5,2,3,5,2,3,5,2,3,5,2,3,5,2
Jumla,Gulmi,28,23,1,1,0,1,1,0,1,1,0,1,1,0,1,1,0
Jumla,Humla,28,24,0,2,2,0,2,2,0,2,2,0,2,2,0,2,2
Jumla,Ilam,28,25,0,0,0,0,0,0,0,0,0,0,0,0,0,0,0
Jumla,Jajarkot,28,26,1,2,1,1,2,1,1,2,1,1,2,1,1,2,1
Jumla,Jhapa,28,27,1,4,3,1,4,3,1,4,3,1,4,3,1,4,3
Jumla,Jumla,28,28,0,0,0,0,0,0,0,0,0,0,0,0,0,0,0
Jumla,Kabhrepalanchok,28,29,1,3,2,1,3,2,1,3,2,1,3,2,1,3,2
Jumla,Kailali,28,30,11,14,3,11,14,3,11,14,3,11,14,3,11,14,3
Jumla,Kalikot,28,31,1,5,4,1,5,4,1,5,4,1,5,4,1,5,4
Jumla,Kanchanpur,28,32,14,11,-3,14,11,-3,14,11,-3,14,11,-3,14,11,-3
Jumla,Kapilbastu,28,33,1,5,4,1,5,4,1,5,4,1,5,4,1,5,4
Jumla,Kaski,28,34,4,7,3,4,7,3,4,7,3,4,7,3,4,7,3
Jumla,Kathmandu,28,35,46,56,10,46,56,10,46,56,10,46,56,10,46,56,10
Jumla,Khotang,28,36,1,1,0,1,1,0,1,1,0,1,1,0,1,1,0
Jumla,Lalitpur,28,37,0,0,0,0,0,0,0,0,0,0,0,0,0,0,0
Jumla,Lamjung,28,38,0,2,2,0,2,2,0,2,2,0,2,2,0,2,2
Jumla,Mahottari,28,39,1,3,2,1,3,2,1,3,2,1,3,2,1,3,2
Jumla,Makawanpur,28,40,0,1,1,0,1,1,0,1,1,0,1,1,0,1,1
Jumla,Manang,28,41,0,0,0,0,0,0,0,0,0,0,0,0,0,0,0
Jumla,Morang,28,42,1,1,0,1,1,0,1,1,0,1,1,0,1,1,0
Jumla,Mugu,28,43,10,24,14,10,24,14,10,24,14,10,24,14,10,24,14
Jumla,Mustang,28,44,0,0,0,0,0,0,0,0,0,0,0,0,0,0,0
Jumla,Myagdi,28,45,0,0,0,0,0,0,0,0,0,0,0,0,0,0,0
Jumla,Nawalparasi,28,46,2,0,-2,2,0,-2,2,0,-2,2,0,-2,2,0,-2
Jumla,Nuwakot,28,47,1,1,0,1,1,0,1,1,0,1,1,0,1,1,0
Jumla,Okhaldhunga,28,48,0,0,0,0,0,0,0,0,0,0,0,0,0,0,0
Jumla,Palpa,28,49,0,1,1,0,1,1,0,1,1,0,1,1,0,1,1
Jumla,Panchthar,28,50,0,0,0,0,0,0,0,0,0,0,0,0,0,0,0
Jumla,Parbat,28,51,0,1,1,0,1,1,0,1,1,0,1,1,0,1,1
Jumla,Parsa,28,52,0,1,1,0,1,1,0,1,1,0,1,1,0,1,1
Jumla,Pyuthan,28,53,1,5,4,1,5,4,1,5,4,1,5,4,1,5,4
Jumla,Ramechhap,28,54,0,0,0,0,0,0,0,0,0,0,0,0,0,0,0
Jumla,Rasuwa,28,55,0,0,0,0,0,0,0,0,0,0,0,0,0,0,0
Jumla,Rautahat,28,56,1,1,0,1,1,0,1,1,0,1,1,0,1,1,0
Jumla,Rolpa,28,57,0,0,0,0,0,0,0,0,0,0,0,0,0,0,0
Jumla,Rukum,28,58,1,2,1,1,2,1,1,2,1,1,2,1,1,2,1
Jumla,Rupandehi,28,59,6,7,1,6,7,1,6,7,1,6,7,1,6,7,1
Jumla,Salyan,28,60,2,5,3,2,5,3,2,5,3,2,5,3,2,5,3
Jumla,Sankhuwasabha,28,61,0,0,0,0,0,0,0,0,0,0,0,0,0,0,0
Jumla,Saptari,28,62,3,4,1,3,4,1,3,4,1,3,4,1,3,4,1
Jumla,Sarlahi,28,63,0,2,2,0,2,2,0,2,2,0,2,2,0,2,2
Jumla,Sindhuli,28,64,0,3,3,0,3,3,0,3,3,0,3,3,0,3,3
Jumla,Sindhupalchok,28,65,0,0,0,0,0,0,0,0,0,0,0,0,0,0,0
Jumla,Siraha,28,66,3,3,0,3,3,0,3,3,0,3,3,0,3,3,0
Jumla,Solukhumbu,28,67,0,0,0,0,0,0,0,0,0,0,0,0,0,0,0
Jumla,Sunsari,28,68,1,1,0,1,1,0,1,1,0,1,1,0,1,1,0
Jumla,Surkhet,28,69,14,56,42,14,56,42,14,56,42,14,56,42,14,56,42
Jumla,Syangja,28,70,0,3,3,0,3,3,0,3,3,0,3,3,0,3,3
Jumla,Tanahu,28,71,1,1,0,1,1,0,1,1,0,1,1,0,1,1,0
Jumla,Taplejung,28,72,0,0,0,0,0,0,0,0,0,0,0,0,0,0,0
Jumla,Terhathum,28,73,0,0,0,0,0,0,0,0,0,0,0,0,0,0,0
Jumla,Udayapur,28,74,0,0,0,0,0,0,0,0,0,0,0,0,0,0,0
Kabhrepalanchok,Achham,29,0,3,9,6,3,9,6,3,9,6,3,9,6,3,9,6
Kabhrepalanchok,Arghakhanchi,29,1,15,37,22,15,37,22,15,37,22,15,37,22,15,37,22
Kabhrepalanchok,Baglung,29,2,17,51,34,17,51,34,17,51,34,17,51,34,17,51,34
Kabhrepalanchok,Baitadi,29,3,2,15,13,2,15,13,2,15,13,2,15,13,2,15,13
Kabhrepalanchok,Bajhang,29,4,0,2,2,0,2,2,0,2,2,0,2,2,0,2,2
Kabhrepalanchok,Bajura,29,5,0,0,0,0,0,0,0,0,0,0,0,0,0,0,0
Kabhrepalanchok,Banke,29,6,63,130,67,63,130,67,63,130,67,63,130,67,63,130,67
Kabhrepalanchok,Bara,29,7,251,596,345,251,596,345,251,596,345,251,596,345,251,596,345
Kabhrepalanchok,Bardiya,29,8,74,126,52,74,126,52,74,126,52,74,126,52,74,126,52
Kabhrepalanchok,Bhaktapur,29,9,0,0,0,0,0,0,0,0,0,0,0,0,0,0,0
Kabhrepalanchok,Bhojpur,29,10,16,41,25,16,41,25,16,41,25,16,41,25,16,41,25
Kabhrepalanchok,Chitawan,29,11,293,657,364,293,657,364,293,657,364,293,657,364,293,657,364
Kabhrepalanchok,Dadeldhura,29,12,5,11,6,5,11,6,5,11,6,5,11,6,5,11,6
Kabhrepalanchok,Dailekh,29,13,17,34,17,17,34,17,17,34,17,17,34,17,17,34,17
Kabhrepalanchok,Dang,29,14,95,177,82,95,177,82,95,177,82,95,177,82,95,177,82
Kabhrepalanchok,Darchula,29,15,0,6,6,0,6,6,0,6,6,0,6,6,0,6,6
Kabhrepalanchok,Dhading,29,16,206,448,242,206,448,242,206,448,242,206,448,242,206,448,242
Kabhrepalanchok,Dhankuta,29,17,54,83,29,54,83,29,54,83,29,54,83,29,54,83,29
Kabhrepalanchok,Dhanusha,29,18,113,238,125,113,238,125,113,238,125,113,238,125,113,238,125
Kabhrepalanchok,Dolakha,29,19,406,313,-93,406,313,-93,406,313,-93,403,307,-96,389,288,-101
Kabhrepalanchok,Dolpa,29,20,3,1,-2,3,1,-2,3,1,-2,3,1,-2,3,1,-2
Kabhrepalanchok,Doti,29,21,8,13,5,8,13,5,8,13,5,8,13,5,8,13,5
Kabhrepalanchok,Gorkha,29,22,117,309,192,117,309,192,117,309,192,117,309,192,117,309,192
Kabhrepalanchok,Gulmi,29,23,15,45,30,15,45,30,15,45,30,15,45,30,15,45,30
Kabhrepalanchok,Humla,29,24,1,1,0,1,1,0,1,1,0,1,1,0,1,1,0
Kabhrepalanchok,Ilam,29,25,38,102,64,38,102,64,38,102,64,38,102,64,38,102,64
Kabhrepalanchok,Jajarkot,29,26,2,3,1,2,3,1,2,3,1,2,3,1,2,3,1
Kabhrepalanchok,Jhapa,29,27,170,480,310,170,480,310,170,480,310,170,480,310,170,480,310
Kabhrepalanchok,Jumla,29,28,1,0,-1,1,0,-1,1,0,-1,1,0,-1,1,0,-1
Kabhrepalanchok,Kabhrepalanchok,29,29,0,0,0,0,0,0,0,0,0,0,0,0,0,0,0
Kabhrepalanchok,Kailali,29,30,65,136,71,65,136,71,65,136,71,65,136,71,65,136,71
Kabhrepalanchok,Kalikot,29,31,1,4,3,1,4,3,1,4,3,1,4,3,1,4,3
Kabhrepalanchok,Kanchanpur,29,32,50,64,14,50,64,14,50,64,14,50,64,14,50,64,14
Kabhrepalanchok,Kapilbastu,29,33,20,60,40,20,60,40,20,60,40,20,60,40,20,60,40
Kabhrepalanchok,Kaski,29,34,243,573,330,243,573,330,243,573,330,243,573,330,243,573,330
Kabhrepalanchok,Kathmandu,29,35,17375,19740,2365,17309,19615,2306,16851,18795,1944,15860,17305,1445,14369,14996,627
Kabhrepalanchok,Khotang,29,36,69,117,48,69,117,48,69,117,48,69,117,48,69,117,48
Kabhrepalanchok,Lalitpur,29,37,0,0,0,0,0,0,0,0,0,0,0,0,0,0,0
Kabhrepalanchok,Lamjung,29,38,34,70,36,34,70,36,34,70,36,34,70,36,34,70,36
Kabhrepalanchok,Mahottari,29,39,85,186,101,85,186,101,85,186,101,85,186,101,85,186,101
Kabhrepalanchok,Makawanpur,29,40,412,794,382,412,794,382,412,794,382,412,794,382,412,794,382
Kabhrepalanchok,Manang,29,41,0,1,1,0,1,1,0,1,1,0,1,1,0,1,1
Kabhrepalanchok,Morang,29,42,195,436,241,195,436,241,195,436,241,195,436,241,195,436,241
Kabhrepalanchok,Mugu,29,43,0,1,1,0,1,1,0,1,1,0,1,1,0,1,1
Kabhrepalanchok,Mustang,29,44,14,10,-4,14,10,-4,14,10,-4,14,10,-4,14,10,-4
Kabhrepalanchok,Myagdi,29,45,5,14,9,5,14,9,5,14,9,5,14,9,5,14,9
Kabhrepalanchok,Nawalparasi,29,46,123,243,120,123,243,120,123,243,120,123,243,120,123,243,120
Kabhrepalanchok,Nuwakot,29,47,178,217,39,178,217,39,178,217,39,178,217,39,178,217,39
Kabhrepalanchok,Okhaldhunga,29,48,12,35,23,12,35,23,12,35,23,12,35,23,12,35,23
Kabhrepalanchok,Palpa,29,49,12,33,21,12,33,21,12,33,21,12,33,21,12,33,21
Kabhrepalanchok,Panchthar,29,50,33,67,34,33,67,34,33,67,34,33,67,34,33,67,34
Kabhrepalanchok,Parbat,29,51,13,35,22,13,35,22,13,35,22,13,35,22,13,35,22
Kabhrepalanchok,Parsa,29,52,151,407,256,151,407,256,151,407,256,151,407,256,151,407,256
Kabhrepalanchok,Pyuthan,29,53,12,25,13,12,25,13,12,25,13,12,25,13,12,25,13
Kabhrepalanchok,Ramechhap,29,54,191,309,118,191,309,118,191,309,118,176,239,63,172,234,62
Kabhrepalanchok,Rasuwa,29,55,18,8,-10,18,8,-10,18,8,-10,18,8,-10,18,8,-10
Kabhrepalanchok,Rautahat,29,56,161,382,221,161,382,221,161,382,221,161,382,221,161,382,221
Kabhrepalanchok,Rolpa,29,57,24,50,26,24,50,26,24,50,26,24,50,26,24,50,26
Kabhrepalanchok,Rukum,29,58,10,14,4,10,14,4,10,14,4,10,14,4,10,14,4
Kabhrepalanchok,Rupandehi,29,59,115,270,155,115,270,155,115,270,155,115,270,155,115,270,155
Kabhrepalanchok,Salyan,29,60,27,42,15,27,42,15,27,42,15,27,42,15,27,42,15
Kabhrepalanchok,Sankhuwasabha,29,61,27,67,40,27,67,40,27,67,40,27,67,40,27,67,40
Kabhrepalanchok,Saptari,29,62,95,237,142,95,237,142,95,237,142,95,237,142,95,237,142
Kabhrepalanchok,Sarlahi,29,63,272,596,324,272,596,324,272,596,324,272,596,324,272,596,324
Kabhrepalanchok,Sindhuli,29,64,773,1963,1190,773,1963,1190,669,1874,1205,563,1692,1129,527,1604,1077
Kabhrepalanchok,Sindhupalchok,29,65,1971,3045,1074,1765,2631,866,1532,2223,691,1107,1490,383,679,897,218
Kabhrepalanchok,Siraha,29,66,67,127,60,67,127,60,67,127,60,67,127,60,67,127,60
Kabhrepalanchok,Solukhumbu,29,67,40,61,21,40,61,21,40,61,21,40,61,21,40,61,21
Kabhrepalanchok,Sunsari,29,68,204,424,220,204,424,220,204,424,220,204,424,220,204,424,220
Kabhrepalanchok,Surkhet,29,69,41,88,47,41,88,47,41,88,47,41,88,47,41,88,47
Kabhrepalanchok,Syangja,29,70,35,109,74,35,109,74,35,109,74,35,109,74,35,109,74
Kabhrepalanchok,Tanahu,29,71,74,185,111,74,185,111,74,185,111,74,185,111,74,185,111
Kabhrepalanchok,Taplejung,29,72,6,6,0,6,6,0,6,6,0,6,6,0,6,6,0
Kabhrepalanchok,Terhathum,29,73,11,29,18,11,29,18,11,29,18,11,29,18,11,29,18
Kabhrepalanchok,Udayapur,29,74,83,212,129,83,212,129,83,212,129,83,212,129,83,212,129
Kailali,Achham,30,0,914,1526,612,914,1526,612,914,1526,612,914,1526,612,914,1526,612
Kailali,Arghakhanchi,30,1,46,90,44,46,90,44,46,90,44,46,90,44,46,90,44
Kailali,Baglung,30,2,26,46,20,26,46,20,26,46,20,26,46,20,26,46,20
Kailali,Baitadi,30,3,402,633,231,402,633,231,402,633,231,402,633,231,402,633,231
Kailali,Bajhang,30,4,26,68,42,26,68,42,26,68,42,26,68,42,26,68,42
Kailali,Bajura,30,5,33,83,50,33,83,50,33,83,50,33,83,50,33,83,50
Kailali,Banke,30,6,1348,1959,611,1348,1959,611,1348,1959,611,1348,1959,611,1348,1959,611
Kailali,Bara,30,7,103,182,79,103,182,79,103,182,79,103,182,79,103,182,79
Kailali,Bardiya,30,8,2490,3945,1455,2490,3945,1455,1900,3043,1143,1510,2520,1010,1361,2323,962
Kailali,Bhaktapur,30,9,0,0,0,0,0,0,0,0,0,0,0,0,0,0,0
Kailali,Bhojpur,30,10,13,24,11,13,24,11,13,24,11,13,24,11,13,24,11
Kailali,Chitawan,30,11,284,525,241,284,525,241,284,525,241,284,525,241,284,525,241
Kailali,Dadeldhura,30,12,634,1068,434,634,1068,434,634,1068,434,634,1068,434,627,1061,434
Kailali,Dailekh,30,13,206,384,178,206,384,178,206,384,178,206,384,178,206,384,178
Kailali,Dang,30,14,536,810,274,536,810,274,536,810,274,536,810,274,536,810,274
Kailali,Darchula,30,15,143,226,83,143,226,83,143,226,83,143,226,83,143,226,83
Kailali,Dhading,30,16,73,151,78,73,151,78,73,151,78,73,151,78,73,151,78
Kailali,Dhankuta,30,17,20,49,29,20,49,29,20,49,29,20,49,29,20,49,29
Kailali,Dhanusha,30,18,149,246,97,149,246,97,149,246,97,149,246,97,149,246,97
Kailali,Dolakha,30,19,21,8,-13,21,8,-13,21,8,-13,21,8,-13,21,8,-13
Kailali,Dolpa,30,20,1,1,0,1,1,0,1,1,0,1,1,0,1,1,0
Kailali,Doti,30,21,1676,2622,946,1676,2622,946,1676,2622,946,1616,2544,928,1601,2529,928
Kailali,Gorkha,30,22,51,153,102,51,153,102,51,153,102,51,153,102,51,153,102
Kailali,Gulmi,30,23,20,52,32,20,52,32,20,52,32,20,52,32,20,52,32
Kailali,Humla,30,24,6,9,3,6,9,3,6,9,3,6,9,3,6,9,3
Kailali,Ilam,30,25,53,81,28,53,81,28,53,81,28,53,81,28,53,81,28
Kailali,Jajarkot,30,26,16,21,5,16,21,5,16,21,5,16,21,5,16,21,5
Kailali,Jhapa,30,27,165,296,131,165,296,131,165,296,131,165,296,131,165,296,131
Kailali,Jumla,30,28,7,18,11,7,18,11,7,18,11,7,18,11,7,18,11
Kailali,Kabhrepalanchok,30,29,69,119,50,69,119,50,69,119,50,69,119,50,69,119,50
Kailali,Kailali,30,30,0,0,0,0,0,0,0,0,0,0,0,0,0,0,0
Kailali,Kalikot,30,31,56,84,28,56,84,28,56,84,28,56,84,28,56,84,28
Kailali,Kanchanpur,30,32,7955,11626,3671,7955,11626,3671,7483,11020,3537,6008,8970,2962,5282,7983,2701
Kailali,Kapilbastu,30,33,167,290,123,167,290,123,167,290,123,167,290,123,167,290,123
Kailali,Kaski,30,34,275,394,119,275,394,119,275,394,119,275,394,119,275,394,119
Kailali,Kathmandu,30,35,3308,3746,438,3308,3746,438,3308,3746,438,3308,3746,438,3308,3746,438
Kailali,Khotang,30,36,9,25,16,9,25,16,9,25,16,9,25,16,9,25,16
Kailali,Lalitpur,30,37,0,0,0,0,0,0,0,0,0,0,0,0,0,0,0
Kailali,Lamjung,30,38,22,40,18,22,40,18,22,40,18,22,40,18,22,40,18
Kailali,Mahottari,30,39,111,201,90,111,201,90,111,201,90,111,201,90,111,201,90
Kailali,Makawanpur,30,40,112,187,75,112,187,75,112,187,75,112,187,75,112,187,75
Kailali,Manang,30,41,0,2,2,0,2,2,0,2,2,0,2,2,0,2,2
Kailali,Morang,30,42,153,274,121,153,274,121,153,274,121,153,274,121,153,274,121
Kailali,Mugu,30,43,3,10,7,3,10,7,3,10,7,3,10,7,3,10,7
Kailali,Mustang,30,44,6,12,6,6,12,6,6,12,6,6,12,6,6,12,6
Kailali,Myagdi,30,45,10,17,7,10,17,7,10,17,7,10,17,7,10,17,7
Kailali,Nawalparasi,30,46,216,401,185,216,401,185,216,401,185,216,401,185,216,401,185
Kailali,Nuwakot,30,47,27,50,23,27,50,23,27,50,23,27,50,23,27,50,23
Kailali,Okhaldhunga,30,48,4,8,4,4,8,4,4,8,4,4,8,4,4,8,4
Kailali,Palpa,30,49,35,79,44,35,79,44,35,79,44,35,79,44,35,79,44
Kailali,Panchthar,30,50,20,53,33,20,53,33,20,53,33,20,53,33,20,53,33
Kailali,Parbat,30,51,23,50,27,23,50,27,23,50,27,23,50,27,23,50,27
Kailali,Parsa,30,52,88,163,75,88,163,75,88,163,75,88,163,75,88,163,75
Kailali,Pyuthan,30,53,32,56,24,32,56,24,32,56,24,32,56,24,32,56,24
Kailali,Ramechhap,30,54,4,8,4,4,8,4,4,8,4,4,8,4,4,8,4
Kailali,Rasuwa,30,55,7,0,-7,7,0,-7,7,0,-7,7,0,-7,7,0,-7
Kailali,Rautahat,30,56,52,72,20,52,72,20,52,72,20,52,72,20,52,72,20
Kailali,Rolpa,30,57,13,34,21,13,34,21,13,34,21,13,34,21,13,34,21
Kailali,Rukum,30,58,22,38,16,22,38,16,22,38,16,22,38,16,22,38,16
Kailali,Rupandehi,30,59,359,639,280,359,639,280,359,639,280,359,639,280,359,639,280
Kailali,Salyan,30,60,50,97,47,50,97,47,50,97,47,50,97,47,50,97,47
Kailali,Sankhuwasabha,30,61,13,32,19,13,32,19,13,32,19,13,32,19,13,32,19
Kailali,Saptari,30,62,64,113,49,64,113,49,64,113,49,64,113,49,64,113,49
Kailali,Sarlahi,30,63,68,124,56,68,124,56,68,124,56,68,124,56,68,124,56
Kailali,Sindhuli,30,64,38,91,53,38,91,53,38,91,53,38,91,53,38,91,53
Kailali,Sindhupalchok,30,65,13,27,14,13,27,14,13,27,14,13,27,14,13,27,14
Kailali,Siraha,30,66,61,122,61,61,122,61,61,122,61,61,122,61,61,122,61
Kailali,Solukhumbu,30,67,4,15,11,4,15,11,4,15,11,4,15,11,4,15,11
Kailali,Sunsari,30,68,145,214,69,145,214,69,145,214,69,145,214,69,145,214,69
Kailali,Surkhet,30,69,472,824,352,472,824,352,472,824,352,472,824,352,472,824,352
Kailali,Syangja,30,70,63,131,68,63,131,68,63,131,68,63,131,68,63,131,68
Kailali,Tanahu,30,71,56,141,85,56,141,85,56,141,85,56,141,85,56,141,85
Kailali,Taplejung,30,72,5,7,2,5,7,2,5,7,2,5,7,2,5,7,2
Kailali,Terhathum,30,73,13,21,8,13,21,8,13,21,8,13,21,8,13,21,8
Kailali,Udayapur,30,74,32,61,29,32,61,29,32,61,29,32,61,29,32,61,29
Kalikot,Achham,31,0,87,136,49,87,136,49,87,136,49,87,136,49,34,59,25
Kalikot,Arghakhanchi,31,1,0,1,1,0,1,1,0,1,1,0,1,1,0,1,1
Kalikot,Baglung,31,2,0,2,2,0,2,2,0,2,2,0,2,2,0,2,2
Kalikot,Baitadi,31,3,0,0,0,0,0,0,0,0,0,0,0,0,0,0,0
Kalikot,Bajhang,31,4,0,0,0,0,0,0,0,0,0,0,0,0,0,0,0
Kalikot,Bajura,31,5,0,0,0,0,0,0,0,0,0,0,0,0,0,0,0
Kalikot,Banke,31,6,21,68,47,21,68,47,21,68,47,21,68,47,21,68,47
Kalikot,Bara,31,7,1,1,0,1,1,0,1,1,0,1,1,0,1,1,0
Kalikot,Bardiya,31,8,15,25,10,15,25,10,15,25,10,15,25,10,15,25,10
Kalikot,Bhaktapur,31,9,0,0,0,0,0,0,0,0,0,0,0,0,0,0,0
Kalikot,Bhojpur,31,10,0,0,0,0,0,0,0,0,0,0,0,0,0,0,0
Kalikot,Chitawan,31,11,3,3,0,3,3,0,3,3,0,3,3,0,3,3,0
Kalikot,Dadeldhura,31,12,1,1,0,1,1,0,1,1,0,1,1,0,1,1,0
Kalikot,Dailekh,31,13,44,101,57,44,101,57,44,101,57,44,101,57,44,101,57
Kalikot,Dang,31,14,0,16,16,0,16,16,0,16,16,0,16,16,0,16,16
Kalikot,Darchula,31,15,0,0,0,0,0,0,0,0,0,0,0,0,0,0,0
Kalikot,Dhading,31,16,2,6,4,2,6,4,2,6,4,2,6,4,2,6,4
Kalikot,Dhankuta,31,17,0,1,1,0,1,1,0,1,1,0,1,1,0,1,1
Kalikot,Dhanusha,31,18,2,2,0,2,2,0,2,2,0,2,2,0,2,2,0
Kalikot,Dolakha,31,19,0,0,0,0,0,0,0,0,0,0,0,0,0,0,0
Kalikot,Dolpa,31,20,0,0,0,0,0,0,0,0,0,0,0,0,0,0,0
Kalikot,Doti,31,21,1,1,0,1,1,0,1,1,0,1,1,0,1,1,0
Kalikot,Gorkha,31,22,0,5,5,0,5,5,0,5,5,0,5,5,0,5,5
Kalikot,Gulmi,31,23,0,2,2,0,2,2,0,2,2,0,2,2,0,2,2
Kalikot,Humla,31,24,0,0,0,0,0,0,0,0,0,0,0,0,0,0,0
Kalikot,Ilam,31,25,0,0,0,0,0,0,0,0,0,0,0,0,0,0,0
Kalikot,Jajarkot,31,26,0,2,2,0,2,2,0,2,2,0,2,2,0,2,2
Kalikot,Jhapa,31,27,0,1,1,0,1,1,0,1,1,0,1,1,0,1,1
Kalikot,Jumla,31,28,2,7,5,2,7,5,2,7,5,2,7,5,2,7,5
Kalikot,Kabhrepalanchok,31,29,3,2,-1,3,2,-1,3,2,-1,3,2,-1,3,2,-1
Kalikot,Kailali,31,30,36,95,59,36,95,59,36,95,59,36,95,59,36,95,59
Kalikot,Kalikot,31,31,0,0,0,0,0,0,0,0,0,0,0,0,0,0,0
Kalikot,Kanchanpur,31,32,3,11,8,3,11,8,3,11,8,3,11,8,3,11,8
Kalikot,Kapilbastu,31,33,0,5,5,0,5,5,0,5,5,0,5,5,0,5,5
Kalikot,Kaski,31,34,1,3,2,1,3,2,1,3,2,1,3,2,1,3,2
Kalikot,Kathmandu,31,35,27,39,12,27,39,12,27,39,12,27,39,12,27,39,12
Kalikot,Khotang,31,36,0,0,0,0,0,0,0,0,0,0,0,0,0,0,0
Kalikot,Lalitpur,31,37,0,0,0,0,0,0,0,0,0,0,0,0,0,0,0
Kalikot,Lamjung,31,38,0,0,0,0,0,0,0,0,0,0,0,0,0,0,0
Kalikot,Mahottari,31,39,0,1,1,0,1,1,0,1,1,0,1,1,0,1,1
Kalikot,Makawanpur,31,40,0,0,0,0,0,0,0,0,0,0,0,0,0,0,0
Kalikot,Manang,31,41,0,0,0,0,0,0,0,0,0,0,0,0,0,0,0
Kalikot,Morang,31,42,0,0,0,0,0,0,0,0,0,0,0,0,0,0,0
Kalikot,Mugu,31,43,3,4,1,3,4,1,3,4,1,3,4,1,3,4,1
Kalikot,Mustang,31,44,0,0,0,0,0,0,0,0,0,0,0,0,0,0,0
Kalikot,Myagdi,31,45,0,0,0,0,0,0,0,0,0,0,0,0,0,0,0
Kalikot,Nawalparasi,31,46,2,6,4,2,6,4,2,6,4,2,6,4,2,6,4
Kalikot,Nuwakot,31,47,1,1,0,1,1,0,1,1,0,1,1,0,1,1,0
Kalikot,Okhaldhunga,31,48,0,0,0,0,0,0,0,0,0,0,0,0,0,0,0
Kalikot,Palpa,31,49,2,0,-2,2,0,-2,2,0,-2,2,0,-2,2,0,-2
Kalikot,Panchthar,31,50,0,0,0,0,0,0,0,0,0,0,0,0,0,0,0
Kalikot,Parbat,31,51,0,0,0,0,0,0,0,0,0,0,0,0,0,0,0
Kalikot,Parsa,31,52,2,1,-1,2,1,-1,2,1,-1,2,1,-1,2,1,-1
Kalikot,Pyuthan,31,53,1,0,-1,1,0,-1,1,0,-1,1,0,-1,1,0,-1
Kalikot,Ramechhap,31,54,0,0,0,0,0,0,0,0,0,0,0,0,0,0,0
Kalikot,Rasuwa,31,55,0,0,0,0,0,0,0,0,0,0,0,0,0,0,0
Kalikot,Rautahat,31,56,2,1,-1,2,1,-1,2,1,-1,2,1,-1,2,1,-1
Kalikot,Rolpa,31,57,0,0,0,0,0,0,0,0,0,0,0,0,0,0,0
Kalikot,Rukum,31,58,1,1,0,1,1,0,1,1,0,1,1,0,1,1,0
Kalikot,Rupandehi,31,59,2,5,3,2,5,3,2,5,3,2,5,3,2,5,3
Kalikot,Salyan,31,60,4,0,-4,4,0,-4,4,0,-4,4,0,-4,4,0,-4
Kalikot,Sankhuwasabha,31,61,0,0,0,0,0,0,0,0,0,0,0,0,0,0,0
Kalikot,Saptari,31,62,0,2,2,0,2,2,0,2,2,0,2,2,0,2,2
Kalikot,Sarlahi,31,63,2,1,-1,2,1,-1,2,1,-1,2,1,-1,2,1,-1
Kalikot,Sindhuli,31,64,1,1,0,1,1,0,1,1,0,1,1,0,1,1,0
Kalikot,Sindhupalchok,31,65,0,1,1,0,1,1,0,1,1,0,1,1,0,1,1
Kalikot,Siraha,31,66,5,2,-3,5,2,-3,5,2,-3,5,2,-3,5,2,-3
Kalikot,Solukhumbu,31,67,1,0,-1,1,0,-1,1,0,-1,1,0,-1,1,0,-1
Kalikot,Sunsari,31,68,0,3,3,0,3,3,0,3,3,0,3,3,0,3,3
Kalikot,Surkhet,31,69,46,83,37,46,83,37,46,83,37,46,83,37,46,83,37
Kalikot,Syangja,31,70,0,1,1,0,1,1,0,1,1,0,1,1,0,1,1
Kalikot,Tanahu,31,71,1,2,1,1,2,1,1,2,1,1,2,1,1,2,1
Kalikot,Taplejung,31,72,0,0,0,0,0,0,0,0,0,0,0,0,0,0,0
Kalikot,Terhathum,31,73,0,0,0,0,0,0,0,0,0,0,0,0,0,0,0
Kalikot,Udayapur,31,74,0,1,1,0,1,1,0,1,1,0,1,1,0,1,1
Kanchanpur,Achham,32,0,136,224,88,136,224,88,136,224,88,136,224,88,136,224,88
Kanchanpur,Arghakhanchi,32,1,33,49,16,33,49,16,33,49,16,33,49,16,33,49,16
Kanchanpur,Baglung,32,2,22,51,29,22,51,29,22,51,29,22,51,29,22,51,29
Kanchanpur,Baitadi,32,3,700,1233,533,700,1233,533,700,1233,533,700,1233,533,700,1233,533
Kanchanpur,Bajhang,32,4,19,52,33,19,52,33,19,52,33,19,52,33,19,52,33
Kanchanpur,Bajura,32,5,6,29,23,6,29,23,6,29,23,6,29,23,6,29,23
Kanchanpur,Banke,32,6,585,848,263,585,848,263,585,848,263,585,848,263,585,848,263
Kanchanpur,Bara,32,7,43,95,52,43,95,52,43,95,52,43,95,52,43,95,52
Kanchanpur,Bardiya,32,8,537,824,287,537,824,287,537,824,287,537,824,287,537,824,287
Kanchanpur,Bhaktapur,32,9,0,0,0,0,0,0,0,0,0,0,0,0,0,0,0
Kanchanpur,Bhojpur,32,10,5,7,2,5,7,2,5,7,2,5,7,2,5,7,2
Kanchanpur,Chitawan,32,11,249,411,162,249,411,162,249,411,162,249,411,162,249,411,162
Kanchanpur,Dadeldhura,32,12,873,1464,591,873,1464,591,873,1464,591,873,1464,591,861,1434,573
Kanchanpur,Dailekh,32,13,95,155,60,95,155,60,95,155,60,95,155,60,95,155,60
Kanchanpur,Dang,32,14,290,431,141,290,431,141,290,431,141,290,431,141,290,431,141
Kanchanpur,Darchula,32,15,253,400,147,253,400,147,253,400,147,253,400,147,253,400,147
Kanchanpur,Dhading,32,16,52,97,45,52,97,45,52,97,45,52,97,45,52,97,45
Kanchanpur,Dhankuta,32,17,13,22,9,13,22,9,13,22,9,13,22,9,13,22,9
Kanchanpur,Dhanusha,32,18,40,94,54,40,94,54,40,94,54,40,94,54,40,94,54
Kanchanpur,Dolakha,32,19,13,3,-10,13,3,-10,13,3,-10,13,3,-10,13,3,-10
Kanchanpur,Dolpa,32,20,3,9,6,3,9,6,3,9,6,3,9,6,3,9,6
Kanchanpur,Doti,32,21,439,643,204,439,643,204,439,643,204,439,643,204,433,628,195
Kanchanpur,Gorkha,32,22,82,177,95,82,177,95,82,177,95,82,177,95,82,177,95
Kanchanpur,Gulmi,32,23,23,48,25,23,48,25,23,48,25,23,48,25,23,48,25
Kanchanpur,Humla,32,24,3,6,3,3,6,3,3,6,3,3,6,3,3,6,3
Kanchanpur,Ilam,32,25,28,45,17,28,45,17,28,45,17,28,45,17,28,45,17
Kanchanpur,Jajarkot,32,26,3,12,9,3,12,9,3,12,9,3,12,9,3,12,9
Kanchanpur,Jhapa,32,27,83,142,59,83,142,59,83,142,59,83,142,59,83,142,59
Kanchanpur,Jumla,32,28,4,18,14,4,18,14,4,18,14,4,18,14,4,18,14
Kanchanpur,Kabhrepalanchok,32,29,52,83,31,52,83,31,52,83,31,52,83,31,52,83,31
Kanchanpur,Kailali,32,30,7961,12134,4173,7961,12134,4173,7491,11506,4015,5976,9275,3299,5208,8037,2829
Kanchanpur,Kalikot,32,31,5,10,5,5,10,5,5,10,5,5,10,5,5,10,5
Kanchanpur,Kanchanpur,32,32,0,0,0,0,0,0,0,0,0,0,0,0,0,0,0
Kanchanpur,Kapilbastu,32,33,70,118,48,70,118,48,70,118,48,70,118,48,70,118,48
Kanchanpur,Kaski,32,34,192,355,163,192,355,163,192,355,163,192,355,163,192,355,163
Kanchanpur,Kathmandu,32,35,1941,2310,369,1941,2310,369,1941,2310,369,1941,2310,369,1941,2310,369
Kanchanpur,Khotang,32,36,13,18,5,13,18,5,13,18,5,13,18,5,13,18,5
Kanchanpur,Lalitpur,32,37,0,0,0,0,0,0,0,0,0,0,0,0,0,0,0
Kanchanpur,Lamjung,32,38,34,51,17,34,51,17,34,51,17,34,51,17,34,51,17
Kanchanpur,Mahottari,32,39,50,49,-1,50,49,-1,50,49,-1,50,49,-1,50,49,-1
Kanchanpur,Makawanpur,32,40,68,90,22,68,90,22,68,90,22,68,90,22,68,90,22
Kanchanpur,Manang,32,41,0,1,1,0,1,1,0,1,1,0,1,1,0,1,1
Kanchanpur,Morang,32,42,76,123,47,76,123,47,76,123,47,76,123,47,76,123,47
Kanchanpur,Mugu,32,43,1,4,3,1,4,3,1,4,3,1,4,3,1,4,3
Kanchanpur,Mustang,32,44,5,17,12,5,17,12,5,17,12,5,17,12,5,17,12
Kanchanpur,Myagdi,32,45,9,14,5,9,14,5,9,14,5,9,14,5,9,14,5
Kanchanpur,Nawalparasi,32,46,148,258,110,148,258,110,148,258,110,148,258,110,148,258,110
Kanchanpur,Nuwakot,32,47,28,54,26,28,54,26,28,54,26,28,54,26,28,54,26
Kanchanpur,Okhaldhunga,32,48,3,10,7,3,10,7,3,10,7,3,10,7,3,10,7
Kanchanpur,Palpa,32,49,34,78,44,34,78,44,34,78,44,34,78,44,34,78,44
Kanchanpur,Panchthar,32,50,9,20,11,9,20,11,9,20,11,9,20,11,9,20,11
Kanchanpur,Parbat,32,51,22,33,11,22,33,11,22,33,11,22,33,11,22,33,11
Kanchanpur,Parsa,32,52,33,72,39,33,72,39,33,72,39,33,72,39,33,72,39
Kanchanpur,Pyuthan,32,53,24,41,17,24,41,17,24,41,17,24,41,17,24,41,17
Kanchanpur,Ramechhap,32,54,2,5,3,2,5,3,2,5,3,2,5,3,2,5,3
Kanchanpur,Rasuwa,32,55,3,2,-1,3,2,-1,3,2,-1,3,2,-1,3,2,-1
Kanchanpur,Rautahat,32,56,17,34,17,17,34,17,17,34,17,17,34,17,17,34,17
Kanchanpur,Rolpa,32,57,11,27,16,11,27,16,11,27,16,11,27,16,11,27,16
Kanchanpur,Rukum,32,58,15,21,6,15,21,6,15,21,6,15,21,6,15,21,6
Kanchanpur,Rupandehi,32,59,256,350,94,256,350,94,256,350,94,256,350,94,256,350,94
Kanchanpur,Salyan,32,60,23,51,28,23,51,28,23,51,28,23,51,28,23,51,28
Kanchanpur,Sankhuwasabha,32,61,7,12,5,7,12,5,7,12,5,7,12,5,7,12,5
Kanchanpur,Saptari,32,62,35,52,17,35,52,17,35,52,17,35,52,17,35,52,17
Kanchanpur,Sarlahi,32,63,39,74,35,39,74,35,39,74,35,39,74,35,39,74,35
Kanchanpur,Sindhuli,32,64,53,64,11,53,64,11,53,64,11,53,64,11,53,64,11
Kanchanpur,Sindhupalchok,32,65,12,22,10,12,22,10,12,22,10,12,22,10,12,22,10
Kanchanpur,Siraha,32,66,21,51,30,21,51,30,21,51,30,21,51,30,21,51,30
Kanchanpur,Solukhumbu,32,67,5,5,0,5,5,0,5,5,0,5,5,0,5,5,0
Kanchanpur,Sunsari,32,68,77,123,46,77,123,46,77,123,46,77,123,46,77,123,46
Kanchanpur,Surkhet,32,69,215,367,152,215,367,152,215,367,152,215,367,152,215,367,152
Kanchanpur,Syangja,32,70,42,79,37,42,79,37,42,79,37,42,79,37,42,79,37
Kanchanpur,Tanahu,32,71,104,149,45,104,149,45,104,149,45,104,149,45,104,149,45
Kanchanpur,Taplejung,32,72,1,2,1,1,2,1,1,2,1,1,2,1,1,2,1
Kanchanpur,Terhathum,32,73,3,3,0,3,3,0,3,3,0,3,3,0,3,3,0
Kanchanpur,Udayapur,32,74,23,45,22,23,45,22,23,45,22,23,45,22,23,45,22
Kapilbastu,Achham,33,0,6,9,3,6,9,3,6,9,3,6,9,3,6,9,3
Kapilbastu,Arghakhanchi,33,1,1866,2578,712,1866,2578,712,1866,2578,712,1681,2369,688,1474,2038,564
Kapilbastu,Baglung,33,2,151,191,40,151,191,40,151,191,40,151,191,40,151,191,40
Kapilbastu,Baitadi,33,3,13,17,4,13,17,4,13,17,4,13,17,4,13,17,4
Kapilbastu,Bajhang,33,4,0,0,0,0,0,0,0,0,0,0,0,0,0,0,0
Kapilbastu,Bajura,33,5,0,1,1,0,1,1,0,1,1,0,1,1,0,1,1
Kapilbastu,Banke,33,6,295,361,66,295,361,66,295,361,66,295,361,66,295,361,66
Kapilbastu,Bara,33,7,106,101,-5,106,101,-5,106,101,-5,106,101,-5,106,101,-5
Kapilbastu,Bardiya,33,8,146,207,61,146,207,61,146,207,61,146,207,61,146,207,61
Kapilbastu,Bhaktapur,33,9,0,0,0,0,0,0,0,0,0,0,0,0,0,0,0
Kapilbastu,Bhojpur,33,10,2,6,4,2,6,4,2,6,4,2,6,4,2,6,4
Kapilbastu,Chitawan,33,11,307,424,117,307,424,117,307,424,117,307,424,117,307,424,117
Kapilbastu,Dadeldhura,33,12,6,10,4,6,10,4,6,10,4,6,10,4,6,10,4
Kapilbastu,Dailekh,33,13,25,37,12,25,37,12,25,37,12,25,37,12,25,37,12
Kapilbastu,Dang,33,14,1377,1763,386,1377,1763,386,1377,1763,386,1372,1760,388,1372,1760,388
Kapilbastu,Darchula,33,15,4,1,-3,4,1,-3,4,1,-3,4,1,-3,4,1,-3
Kapilbastu,Dhading,33,16,49,67,18,49,67,18,49,67,18,49,67,18,49,67,18
Kapilbastu,Dhankuta,33,17,10,17,7,10,17,7,10,17,7,10,17,7,10,17,7
Kapilbastu,Dhanusha,33,18,53,91,38,53,91,38,53,91,38,53,91,38,53,91,38
Kapilbastu,Dolakha,33,19,9,5,-4,9,5,-4,9,5,-4,9,5,-4,9,5,-4
Kapilbastu,Dolpa,33,20,1,1,0,1,1,0,1,1,0,1,1,0,1,1,0
Kapilbastu,Doti,33,21,13,12,-1,13,12,-1,13,12,-1,13,12,-1,13,12,-1
Kapilbastu,Gorkha,33,22,68,105,37,68,105,37,68,105,37,68,105,37,68,105,37
Kapilbastu,Gulmi,33,23,232,408,176,232,408,176,232,408,176,232,408,176,232,408,176
Kapilbastu,Humla,33,24,0,2,2,0,2,2,0,2,2,0,2,2,0,2,2
Kapilbastu,Ilam,33,25,4,20,16,4,20,16,4,20,16,4,20,16,4,20,16
Kapilbastu,Jajarkot,33,26,4,6,2,4,6,2,4,6,2,4,6,2,4,6,2
Kapilbastu,Jhapa,33,27,67,86,19,67,86,19,67,86,19,67,86,19,67,86,19
Kapilbastu,Jumla,33,28,2,6,4,2,6,4,2,6,4,2,6,4,2,6,4
Kapilbastu,Kabhrepalanchok,33,29,26,50,24,26,50,24,26,50,24,26,50,24,26,50,24
Kapilbastu,Kailali,33,30,197,259,62,197,259,62,197,259,62,197,259,62,197,259,62
Kapilbastu,Kalikot,33,31,1,1,0,1,1,0,1,1,0,1,1,0,1,1,0
Kapilbastu,Kanchanpur,33,32,68,102,34,68,102,34,68,102,34,68,102,34,68,102,34
Kapilbastu,Kapilbastu,33,33,0,0,0,0,0,0,0,0,0,0,0,0,0,0,0
Kapilbastu,Kaski,33,34,340,341,1,340,341,1,340,341,1,340,341,1,340,341,1
Kapilbastu,Kathmandu,33,35,1582,1190,-392,1582,1190,-392,1582,1190,-392,1582,1190,-392,1582,1190,-392
Kapilbastu,Khotang,33,36,2,9,7,2,9,7,2,9,7,2,9,7,2,9,7
Kapilbastu,Lalitpur,33,37,0,0,0,0,0,0,0,0,0,0,0,0,0,0,0
Kapilbastu,Lamjung,33,38,15,32,17,15,32,17,15,32,17,15,32,17,15,32,17
Kapilbastu,Mahottari,33,39,25,41,16,25,41,16,25,41,16,25,41,16,25,41,16
Kapilbastu,Makawanpur,33,40,59,95,36,59,95,36,59,95,36,59,95,36,59,95,36
Kapilbastu,Manang,33,41,2,3,1,2,3,1,2,3,1,2,3,1,2,3,1
Kapilbastu,Morang,33,42,58,100,42,58,100,42,58,100,42,58,100,42,58,100,42
Kapilbastu,Mugu,33,43,2,0,-2,2,0,-2,2,0,-2,2,0,-2,2,0,-2
Kapilbastu,Mustang,33,44,3,14,11,3,14,11,3,14,11,3,14,11,3,14,11
Kapilbastu,Myagdi,33,45,21,25,4,21,25,4,21,25,4,21,25,4,21,25,4
Kapilbastu,Nawalparasi,33,46,896,1204,308,896,1204,308,896,1204,308,896,1204,308,896,1204,308
Kapilbastu,Nuwakot,33,47,16,29,13,16,29,13,16,29,13,16,29,13,16,29,13
Kapilbastu,Okhaldhunga,33,48,4,2,-2,4,2,-2,4,2,-2,4,2,-2,4,2,-2
Kapilbastu,Palpa,33,49,315,380,65,315,380,65,315,380,65,315,380,65,315,380,65
Kapilbastu,Panchthar,33,50,5,22,17,5,22,17,5,22,17,5,22,17,5,22,17
Kapilbastu,Parbat,33,51,41,44,3,41,44,3,41,44,3,41,44,3,41,44,3
Kapilbastu,Parsa,33,52,104,109,5,104,109,5,104,109,5,104,109,5,104,109,5
Kapilbastu,Pyuthan,33,53,289,494,205,289,494,205,289,494,205,289,494,205,289,494,205
Kapilbastu,Ramechhap,33,54,5,1,-4,5,1,-4,5,1,-4,5,1,-4,5,1,-4
Kapilbastu,Rasuwa,33,55,2,2,0,2,2,0,2,2,0,2,2,0,2,2,0
Kapilbastu,Rautahat,33,56,49,62,13,49,62,13,49,62,13,49,62,13,49,62,13
Kapilbastu,Rolpa,33,57,85,127,42,85,127,42,85,127,42,85,127,42,85,127,42
Kapilbastu,Rukum,33,58,7,19,12,7,19,12,7,19,12,7,19,12,7,19,12
Kapilbastu,Rupandehi,33,59,9984,12627,2643,9698,12335,2637,8146,10452,2306,6934,8862,1928,5886,7400,1514
Kapilbastu,Salyan,33,60,32,36,4,32,36,4,32,36,4,32,36,4,32,36,4
Kapilbastu,Sankhuwasabha,33,61,10,12,2,10,12,2,10,12,2,10,12,2,10,12,2
Kapilbastu,Saptari,33,62,43,53,10,43,53,10,43,53,10,43,53,10,43,53,10
Kapilbastu,Sarlahi,33,63,43,84,41,43,84,41,43,84,41,43,84,41,43,84,41
Kapilbastu,Sindhuli,33,64,17,41,24,17,41,24,17,41,24,17,41,24,17,41,24
Kapilbastu,Sindhupalchok,33,65,10,19,9,10,19,9,10,19,9,10,19,9,10,19,9
Kapilbastu,Siraha,33,66,54,61,7,54,61,7,54,61,7,54,61,7,54,61,7
Kapilbastu,Solukhumbu,33,67,3,2,-1,3,2,-1,3,2,-1,3,2,-1,3,2,-1
Kapilbastu,Sunsari,33,68,78,107,29,78,107,29,78,107,29,78,107,29,78,107,29
Kapilbastu,Surkhet,33,69,93,121,28,93,121,28,93,121,28,93,121,28,93,121,28
Kapilbastu,Syangja,33,70,360,481,121,360,481,121,360,481,121,360,481,121,360,481,121
Kapilbastu,Tanahu,33,71,107,137,30,107,137,30,107,137,30,107,137,30,107,137,30
Kapilbastu,Taplejung,33,72,1,2,1,1,2,1,1,2,1,1,2,1,1,2,1
Kapilbastu,Terhathum,33,73,4,7,3,4,7,3,4,7,3,4,7,3,4,7,3
Kapilbastu,Udayapur,33,74,16,18,2,16,18,2,16,18,2,16,18,2,16,18,2
Kaski,Achham,34,0,11,16,5,11,16,5,11,16,5,11,16,5,11,16,5
Kaski,Arghakhanchi,34,1,79,167,88,79,167,88,79,167,88,79,167,88,79,167,88
Kaski,Baglung,34,2,1036,1609,573,1036,1609,573,1036,1609,573,1021,1596,575,1001,1564,563
Kaski,Baitadi,34,3,9,8,-1,9,8,-1,9,8,-1,9,8,-1,9,8,-1
Kaski,Bajhang,34,4,1,0,-1,1,0,-1,1,0,-1,1,0,-1,1,0,-1
Kaski,Bajura,34,5,0,4,4,0,4,4,0,4,4,0,4,4,0,4,4
Kaski,Banke,34,6,314,462,148,314,462,148,314,462,148,314,462,148,314,462,148
Kaski,Bara,34,7,719,1123,404,719,1123,404,719,1123,404,719,1123,404,719,1123,404
Kaski,Bardiya,34,8,400,606,206,400,606,206,400,606,206,400,606,206,400,606,206
Kaski,Bhaktapur,34,9,0,0,0,0,0,0,0,0,0,0,0,0,0,0,0
Kaski,Bhojpur,34,10,45,75,30,45,75,30,45,75,30,45,75,30,45,75,30
Kaski,Chitawan,34,11,3099,4350,1251,3099,4350,1251,3099,4350,1251,3099,4350,1251,3099,4350,1251
Kaski,Dadeldhura,34,12,11,22,11,11,22,11,11,22,11,11,22,11,11,22,11
Kaski,Dailekh,34,13,35,50,15,35,50,15,35,50,15,35,50,15,35,50,15
Kaski,Dang,34,14,403,626,223,403,626,223,403,626,223,403,626,223,403,626,223
Kaski,Darchula,34,15,7,14,7,7,14,7,7,14,7,7,14,7,7,14,7
Kaski,Dhading,34,16,922,1495,573,922,1495,573,922,1495,573,922,1495,573,922,1495,573
Kaski,Dhankuta,34,17,130,182,52,130,182,52,130,182,52,130,182,52,130,182,52
Kaski,Dhanusha,34,18,249,338,89,249,338,89,249,338,89,249,338,89,249,338,89
Kaski,Dolakha,34,19,75,34,-41,75,34,-41,75,34,-41,75,34,-41,75,34,-41
Kaski,Dolpa,34,20,3,10,7,3,10,7,3,10,7,3,10,7,3,10,7
Kaski,Doti,34,21,23,19,-4,23,19,-4,23,19,-4,23,19,-4,23,19,-4
Kaski,Gorkha,34,22,1681,3916,2235,1681,3916,2235,1681,3916,2235,1681,3916,2235,1681,3916,2235
Kaski,Gulmi,34,23,219,372,153,219,372,153,219,372,153,219,372,153,219,372,153
Kaski,Humla,34,24,2,5,3,2,5,3,2,5,3,2,5,3,2,5,3
Kaski,Ilam,34,25,94,147,53,94,147,53,94,147,53,94,147,53,94,147,53
Kaski,Jajarkot,34,26,12,13,1,12,13,1,12,13,1,12,13,1,12,13,1
Kaski,Jhapa,34,27,515,730,215,515,730,215,515,730,215,515,730,215,515,730,215
Kaski,Jumla,34,28,2,14,12,2,14,12,2,14,12,2,14,12,2,14,12
Kaski,Kabhrepalanchok,34,29,288,529,241,288,529,241,288,529,241,288,529,241,288,529,241
Kaski,Kailali,34,30,209,412,203,209,412,203,209,412,203,209,412,203,209,412,203
Kaski,Kalikot,34,31,3,2,-1,3,2,-1,3,2,-1,3,2,-1,3,2,-1
Kaski,Kanchanpur,34,32,183,279,96,183,279,96,183,279,96,183,279,96,183,279,96
Kaski,Kapilbastu,34,33,266,446,180,266,446,180,266,446,180,266,446,180,266,446,180
Kaski,Kaski,34,34,0,0,0,0,0,0,0,0,0,0,0,0,0,0,0
Kaski,Kathmandu,34,35,10049,9944,-105,10049,9944,-105,10049,9944,-105,10049,9944,-105,10049,9944,-105
Kaski,Khotang,34,36,86,120,34,86,120,34,86,120,34,86,120,34,86,120,34
Kaski,Lalitpur,34,37,0,0,0,0,0,0,0,0,0,0,0,0,0,0,0
Kaski,Lamjung,34,38,2390,3343,953,2390,3343,953,2332,3263,931,2070,2917,847,1726,2484,758
Kaski,Mahottari,34,39,125,250,125,125,250,125,125,250,125,125,250,125,125,250,125
Kaski,Makawanpur,34,40,625,1026,401,625,1026,401,625,1026,401,625,1026,401,625,1026,401
Kaski,Manang,34,41,9,20,11,9,20,11,9,20,11,9,20,11,9,20,11
Kaski,Morang,34,42,479,712,233,479,712,233,479,712,233,479,712,233,479,712,233
Kaski,Mugu,34,43,0,2,2,0,2,2,0,2,2,0,2,2,0,2,2
Kaski,Mustang,34,44,157,156,-1,157,156,-1,157,156,-1,157,156,-1,157,156,-1
Kaski,Myagdi,34,45,978,1499,521,978,1499,521,978,1499,521,978,1499,521,978,1497,519
Kaski,Nawalparasi,34,46,1632,2358,726,1632,2358,726,1632,2358,726,1632,2358,726,1632,2358,726
Kaski,Nuwakot,34,47,196,360,164,196,360,164,196,360,164,196,360,164,196,360,164
Kaski,Okhaldhunga,34,48,41,63,22,41,63,22,41,63,22,41,63,22,41,63,22
Kaski,Palpa,34,49,520,739,219,520,739,219,520,739,219,520,739,219,520,739,219
Kaski,Panchthar,34,50,47,78,31,47,78,31,47,78,31,47,78,31,47,78,31
Kaski,Parbat,34,51,2608,3700,1092,2289,3315,1026,2011,2973,962,1904,2840,936,1798,2714,916
Kaski,Parsa,34,52,811,1370,559,811,1370,559,811,1370,559,811,1370,559,811,1370,559
Kaski,Pyuthan,34,53,70,104,34,70,104,34,70,104,34,70,104,34,70,104,34
Kaski,Ramechhap,34,54,22,37,15,22,37,15,22,37,15,22,37,15,22,37,15
Kaski,Rasuwa,34,55,16,35,19,16,35,19,16,35,19,16,35,19,16,35,19
Kaski,Rautahat,34,56,352,637,285,352,637,285,352,637,285,352,637,285,352,637,285
Kaski,Rolpa,34,57,82,81,-1,82,81,-1,82,81,-1,82,81,-1,82,81,-1
Kaski,Rukum,34,58,21,38,17,21,38,17,21,38,17,21,38,17,21,38,17
Kaski,Rupandehi,34,59,1785,2722,937,1785,2722,937,1785,2722,937,1785,2722,937,1785,2722,937
Kaski,Salyan,34,60,80,152,72,80,152,72,80,152,72,80,152,72,80,152,72
Kaski,Sankhuwasabha,34,61,51,93,42,51,93,42,51,93,42,51,93,42,51,93,42
Kaski,Saptari,34,62,182,281,99,182,281,99,182,281,99,182,281,99,182,281,99
Kaski,Sarlahi,34,63,338,548,210,338,548,210,338,548,210,338,548,210,338,548,210
Kaski,Sindhuli,34,64,267,430,163,267,430,163,267,430,163,267,430,163,267,430,163
Kaski,Sindhupalchok,34,65,101,194,93,101,194,93,101,194,93,101,194,93,101,194,93
Kaski,Siraha,34,66,103,174,71,103,174,71,103,174,71,103,174,71,103,174,71
Kaski,Solukhumbu,34,67,56,78,22,56,78,22,56,78,22,56,78,22,56,78,22
Kaski,Sunsari,34,68,474,754,280,474,754,280,474,754,280,474,754,280,474,754,280
Kaski,Surkhet,34,69,109,172,63,109,172,63,109,172,63,109,172,63,109,172,63
Kaski,Syangja,34,70,6827,9926,3099,6768,9853,3085,6127,8985,2858,5423,7887,2464,3191,4854,1663
Kaski,Tanahu,34,71,8180,11613,3433,8057,11480,3423,7752,11091,3339,6694,9718,3024,5964,8606,2642
Kaski,Taplejung,34,72,12,18,6,12,18,6,12,18,6,12,18,6,12,18,6
Kaski,Terhathum,34,73,36,44,8,36,44,8,36,44,8,36,44,8,36,44,8
Kaski,Udayapur,34,74,292,454,162,292,454,162,292,454,162,292,454,162,292,454,162
Kathmandu,Achham,35,0,167,339,172,167,339,172,167,339,172,167,339,172,167,339,172
Kathmandu,Arghakhanchi,35,1,632,1893,1261,632,1893,1261,632,1893,1261,632,1893,1261,632,1893,1261
Kathmandu,Baglung,35,2,946,2589,1643,946,2589,1643,946,2589,1643,946,2589,1643,946,2589,1643
Kathmandu,Baitadi,35,3,175,421,246,175,421,246,175,421,246,175,421,246,175,421,246
Kathmandu,Bajhang,35,4,11,35,24,11,35,24,11,35,24,11,35,24,11,35,24
Kathmandu,Bajura,35,5,12,29,17,12,29,17,12,29,17,12,29,17,12,29,17
Kathmandu,Banke,35,6,2827,6143,3316,2827,6143,3316,2827,6143,3316,2827,6143,3316,2827,6143,3316
Kathmandu,Bara,35,7,7936,18545,10609,7936,18545,10609,7936,18545,10609,7936,18545,10609,7936,18545,10609
Kathmandu,Bardiya,35,8,2323,4909,2586,2323,4909,2586,2323,4909,2586,2323,4909,2586,2323,4909,2586
Kathmandu,Bhaktapur,35,9,0,0,0,0,0,0,0,0,0,0,0,0,0,0,0
Kathmandu,Bhojpur,35,10,904,1663,759,904,1663,759,904,1663,759,904,1663,759,904,1663,759
Kathmandu,Chitawan,35,11,10409,24938,14529,10409,24938,14529,10409,24938,14529,10409,24938,14529,10409,24938,14529
Kathmandu,Dadeldhura,35,12,178,385,207,178,385,207,178,385,207,178,385,207,178,385,207
Kathmandu,Dailekh,35,13,436,977,541,436,977,541,436,977,541,436,977,541,436,977,541
Kathmandu,Dang,35,14,3778,9161,5383,3778,9161,5383,3778,9161,5383,3778,9161,5383,3778,9161,5383
Kathmandu,Darchula,35,15,90,140,50,90,140,50,90,140,50,90,140,50,90,140,50
Kathmandu,Dhading,35,16,7687,16494,8807,7626,16471,8845,7377,16289,8912,6913,15676,8763,5863,14050,8187
Kathmandu,Dhankuta,35,17,1609,2973,1364,1609,2973,1364,1609,2973,1364,1609,2973,1364,1609,2973,1364
Kathmandu,Dhanusha,35,18,6249,13942,7693,6249,13942,7693,6249,13942,7693,6249,13942,7693,6249,13942,7693
Kathmandu,Dolakha,35,19,4370,2979,-1391,4370,2979,-1391,4370,2979,-1391,4370,2979,-1391,4370,2979,-1391
Kathmandu,Dolpa,35,20,32,98,66,32,98,66,32,98,66,32,98,66,32,98,66
Kathmandu,Doti,35,21,188,427,239,188,427,239,188,427,239,188,427,239,188,427,239
Kathmandu,Gorkha,35,22,6830,19676,12846,6830,19676,12846,6830,19676,12846,6830,19676,12846,6830,19676,12846
Kathmandu,Gulmi,35,23,733,2132,1399,733,2132,1399,733,2132,1399,733,2132,1399,733,2132,1399
Kathmandu,Humla,35,24,32,93,61,32,93,61,32,93,61,32,93,61,32,93,61
Kathmandu,Ilam,35,25,2105,4415,2310,2105,4415,2310,2105,4415,2310,2105,4415,2310,2105,4415,2310
Kathmandu,Jajarkot,35,26,92,214,122,92,214,122,92,214,122,92,214,122,92,214,122
Kathmandu,Jhapa,35,27,10711,24396,13685,10711,24396,13685,10711,24396,13685,10711,24396,13685,10711,24396,13685
Kathmandu,Jumla,35,28,33,85,52,33,85,52,33,85,52,33,85,52,33,85,52
Kathmandu,Kabhrepalanchok,35,29,17034,37850,20816,16968,37803,20835,16334,37126,20792,15180,35654,20474,13581,33073,19492
Kathmandu,Kailali,35,30,3193,7630,4437,3193,7630,4437,3193,7630,4437,3193,7630,4437,3193,7630,4437
Kathmandu,Kalikot,35,31,29,58,29,29,58,29,29,58,29,29,58,29,29,58,29
Kathmandu,Kanchanpur,35,32,1940,4411,2471,1940,4411,2471,1940,4411,2471,1940,4411,2471,1940,4411,2471
Kathmandu,Kapilbastu,35,33,1273,3025,1752,1273,3025,1752,1273,3025,1752,1273,3025,1752,1273,3025,1752
Kathmandu,Kaski,35,34,9629,18435,8806,9629,18435,8806,9629,18435,8806,9629,18435,8806,9629,18435,8806
Kathmandu,Kathmandu,35,35,0,0,0,0,0,0,0,0,0,0,0,0,0,0,0
Kathmandu,Khotang,35,36,2146,4086,1940,2146,4086,1940,2146,4086,1940,2146,4086,1940,2146,4086,1940
Kathmandu,Lalitpur,35,37,0,0,0,0,0,0,0,0,0,0,0,0,0,0,0
Kathmandu,Lamjung,35,38,1752,4320,2568,1752,4320,2568,1752,4320,2568,1752,4320,2568,1752,4320,2568
Kathmandu,Mahottari,35,39,4636,10850,6214,4636,10850,6214,4636,10850,6214,4636,10850,6214,4636,10850,6214
Kathmandu,Makawanpur,35,40,10312,22950,12638,10284,22915,12631,10025,22455,12430,9230,20915,11685,8503,19270,10767
Kathmandu,Manang,35,41,20,51,31,20,51,31,20,51,31,20,51,31,20,51,31
Kathmandu,Morang,35,42,10275,22073,11798,10275,22073,11798,10275,22073,11798,10275,22073,11798,10275,22073,11798
Kathmandu,Mugu,35,43,22,69,47,22,69,47,22,69,47,22,69,47,22,69,47
Kathmandu,Mustang,35,44,150,184,34,150,184,34,150,184,34,150,184,34,150,184,34
Kathmandu,Myagdi,35,45,548,1305,757,548,1305,757,548,1305,757,548,1305,757,548,1305,757
Kathmandu,Nawalparasi,35,46,4795,11512,6717,4795,11512,6717,4795,11512,6717,4795,11512,6717,4795,11512,6717
Kathmandu,Nuwakot,35,47,5815,10424,4609,5780,10417,4637,5696,10371,4675,5446,10262,4816,4792,9902,5110
Kathmandu,Okhaldhunga,35,48,557,1244,687,557,1244,687,557,1244,687,557,1244,687,557,1244,687
Kathmandu,Palpa,35,49,884,2010,1126,884,2010,1126,884,2010,1126,884,2010,1126,884,2010,1126
Kathmandu,Panchthar,35,50,1494,2554,1060,1494,2554,1060,1494,2554,1060,1494,2554,1060,1494,2554,1060
Kathmandu,Parbat,35,51,580,1597,1017,580,1597,1017,580,1597,1017,580,1597,1017,580,1597,1017
Kathmandu,Parsa,35,52,6177,15064,8887,6177,15064,8887,6177,15064,8887,6177,15064,8887,6177,15064,8887
Kathmandu,Pyuthan,35,53,502,1184,682,502,1184,682,502,1184,682,502,1184,682,502,1184,682
Kathmandu,Ramechhap,35,54,1338,2476,1138,1338,2476,1138,1338,2476,1138,1338,2476,1138,1338,2476,1138
Kathmandu,Rasuwa,35,55,611,421,-190,611,421,-190,611,421,-190,611,421,-190,611,421,-190
Kathmandu,Rautahat,35,56,5970,13973,8003,5970,13973,8003,5970,13973,8003,5970,13973,8003,5970,13973,8003
Kathmandu,Rolpa,35,57,594,1106,512,594,1106,512,594,1106,512,594,1106,512,594,1106,512
Kathmandu,Rukum,35,58,295,768,473,295,768,473,295,768,473,295,768,473,295,768,473
Kathmandu,Rupandehi,35,59,5824,13941,8117,5824,13941,8117,5824,13941,8117,5824,13941,8117,5824,13941,8117
Kathmandu,Salyan,35,60,813,1431,618,813,1431,618,813,1431,618,813,1431,618,813,1431,618
Kathmandu,Sankhuwasabha,35,61,1395,2529,1134,1395,2529,1134,1395,2529,1134,1395,2529,1134,1395,2529,1134
Kathmandu,Saptari,35,62,5464,12064,6600,5464,12064,6600,5464,12064,6600,5464,12064,6600,5464,12064,6600
Kathmandu,Sarlahi,35,63,8449,20109,11660,8449,20109,11660,8449,20109,11660,8449,20109,11660,8449,20109,11660
Kathmandu,Sindhuli,35,64,5700,15342,9642,5700,15342,9642,5700,15342,9642,5700,15342,9642,5700,15342,9642
Kathmandu,Sindhupalchok,35,65,6423,11533,5110,6423,11533,5110,6308,11447,5139,5907,11193,5286,5162,10322,5160
Kathmandu,Siraha,35,66,3596,9030,5434,3596,9030,5434,3596,9030,5434,3596,9030,5434,3596,9030,5434
Kathmandu,Solukhumbu,35,67,1556,2651,1095,1556,2651,1095,1556,2651,1095,1556,2651,1095,1556,2651,1095
Kathmandu,Sunsari,35,68,9667,20310,10643,9667,20310,10643,9667,20310,10643,9667,20310,10643,9667,20310,10643
Kathmandu,Surkhet,35,69,1283,2871,1588,1283,2871,1588,1283,2871,1588,1283,2871,1588,1283,2871,1588
Kathmandu,Syangja,35,70,1933,4659,2726,1933,4659,2726,1933,4659,2726,1933,4659,2726,1933,4659,2726
Kathmandu,Tanahu,35,71,4469,10666,6197,4469,10666,6197,4469,10666,6197,4469,10666,6197,4469,10666,6197
Kathmandu,Taplejung,35,72,350,421,71,350,421,71,350,421,71,350,421,71,350,421,71
Kathmandu,Terhathum,35,73,551,929,378,551,929,378,551,929,378,551,929,378,551,929,378
Kathmandu,Udayapur,35,74,4317,8687,4370,4317,8687,4370,4317,8687,4370,4317,8687,4370,4317,8687,4370
Khotang,Achham,36,0,0,3,3,0,3,3,0,3,3,0,3,3,0,3,3
Khotang,Arghakhanchi,36,1,2,8,6,2,8,6,2,8,6,2,8,6,2,8,6
Khotang,Baglung,36,2,5,11,6,5,11,6,5,11,6,5,11,6,5,11,6
Khotang,Baitadi,36,3,1,4,3,1,4,3,1,4,3,1,4,3,1,4,3
Khotang,Bajhang,36,4,0,0,0,0,0,0,0,0,0,0,0,0,0,0,0
Khotang,Bajura,36,5,0,0,0,0,0,0,0,0,0,0,0,0,0,0,0
Khotang,Banke,36,6,13,21,8,13,21,8,13,21,8,13,21,8,13,21,8
Khotang,Bara,36,7,31,39,8,31,39,8,31,39,8,31,39,8,31,39,8
Khotang,Bardiya,36,8,11,9,-2,11,9,-2,11,9,-2,11,9,-2,11,9,-2
Khotang,Bhaktapur,36,9,0,0,0,0,0,0,0,0,0,0,0,0,0,0,0
Khotang,Bhojpur,36,10,255,508,253,255,508,253,255,508,253,255,508,253,177,342,165
Khotang,Chitawan,36,11,25,69,44,25,69,44,25,69,44,25,69,44,25,69,44
Khotang,Dadeldhura,36,12,5,1,-4,5,1,-4,5,1,-4,5,1,-4,5,1,-4
Khotang,Dailekh,36,13,4,11,7,4,11,7,4,11,7,4,11,7,4,11,7
Khotang,Dang,36,14,13,10,-3,13,10,-3,13,10,-3,13,10,-3,13,10,-3
Khotang,Darchula,36,15,0,1,1,0,1,1,0,1,1,0,1,1,0,1,1
Khotang,Dhading,36,16,18,30,12,18,30,12,18,30,12,18,30,12,18,30,12
Khotang,Dhankuta,36,17,66,119,53,66,119,53,66,119,53,66,119,53,66,119,53
Khotang,Dhanusha,36,18,53,101,48,53,101,48,53,101,48,53,101,48,53,101,48
Khotang,Dolakha,36,19,19,8,-11,19,8,-11,19,8,-11,19,8,-11,19,8,-11
Khotang,Dolpa,36,20,0,2,2,0,2,2,0,2,2,0,2,2,0,2,2
Khotang,Doti,36,21,1,1,0,1,1,0,1,1,0,1,1,0,1,1,0
Khotang,Gorkha,36,22,8,36,28,8,36,28,8,36,28,8,36,28,8,36,28
Khotang,Gulmi,36,23,8,9,1,8,9,1,8,9,1,8,9,1,8,9,1
Khotang,Humla,36,24,0,1,1,0,1,1,0,1,1,0,1,1,0,1,1
Khotang,Ilam,36,25,36,71,35,36,71,35,36,71,35,36,71,35,36,71,35
Khotang,Jajarkot,36,26,0,2,2,0,2,2,0,2,2,0,2,2,0,2,2
Khotang,Jhapa,36,27,260,441,181,260,441,181,260,441,181,260,441,181,260,441,181
Khotang,Jumla,36,28,0,1,1,0,1,1,0,1,1,0,1,1,0,1,1
Khotang,Kabhrepalanchok,36,29,63,131,68,63,131,68,63,131,68,63,131,68,63,131,68
Khotang,Kailali,36,30,14,19,5,14,19,5,14,19,5,14,19,5,14,19,5
Khotang,Kalikot,36,31,0,1,1,0,1,1,0,1,1,0,1,1,0,1,1
Khotang,Kanchanpur,36,32,10,15,5,10,15,5,10,15,5,10,15,5,10,15,5
Khotang,Kapilbastu,36,33,2,6,4,2,6,4,2,6,4,2,6,4,2,6,4
Khotang,Kaski,36,34,62,105,43,62,105,43,62,105,43,62,105,43,62,105,43
Khotang,Kathmandu,36,35,2266,2934,668,2266,2934,668,2266,2934,668,2266,2934,668,2266,2934,668
Khotang,Khotang,36,36,0,0,0,0,0,0,0,0,0,0,0,0,0,0,0
Khotang,Lalitpur,36,37,0,0,0,0,0,0,0,0,0,0,0,0,0,0,0
Khotang,Lamjung,36,38,6,15,9,6,15,9,6,15,9,6,15,9,6,15,9
Khotang,Mahottari,36,39,36,52,16,36,52,16,36,52,16,36,52,16,36,52,16
Khotang,Makawanpur,36,40,34,80,46,34,80,46,34,80,46,34,80,46,34,80,46
Khotang,Manang,36,41,0,0,0,0,0,0,0,0,0,0,0,0,0,0,0
Khotang,Morang,36,42,470,835,365,470,835,365,470,835,365,470,835,365,470,835,365
Khotang,Mugu,36,43,0,1,1,0,1,1,0,1,1,0,1,1,0,1,1
Khotang,Mustang,36,44,1,4,3,1,4,3,1,4,3,1,4,3,1,4,3
Khotang,Myagdi,36,45,2,5,3,2,5,3,2,5,3,2,5,3,2,5,3
Khotang,Nawalparasi,36,46,13,31,18,13,31,18,13,31,18,13,31,18,13,31,18
Khotang,Nuwakot,36,47,14,15,1,14,15,1,14,15,1,14,15,1,14,15,1
Khotang,Okhaldhunga,36,48,1021,1574,553,1021,1574,553,1021,1574,553,1021,1574,553,839,1178,339
Khotang,Palpa,36,49,3,3,0,3,3,0,3,3,0,3,3,0,3,3,0
Khotang,Panchthar,36,50,31,38,7,31,38,7,31,38,7,31,38,7,31,38,7
Khotang,Parbat,36,51,4,5,1,4,5,1,4,5,1,4,5,1,4,5,1
Khotang,Parsa,36,52,14,30,16,14,30,16,14,30,16,14,30,16,14,30,16
Khotang,Pyuthan,36,53,4,11,7,4,11,7,4,11,7,4,11,7,4,11,7
Khotang,Ramechhap,36,54,20,27,7,20,27,7,20,27,7,20,27,7,20,27,7
Khotang,Rasuwa,36,55,2,0,-2,2,0,-2,2,0,-2,2,0,-2,2,0,-2
Khotang,Rautahat,36,56,13,18,5,13,18,5,13,18,5,13,18,5,13,18,5
Khotang,Rolpa,36,57,0,2,2,0,2,2,0,2,2,0,2,2,0,2,2
Khotang,Rukum,36,58,0,3,3,0,3,3,0,3,3,0,3,3,0,3,3
Khotang,Rupandehi,36,59,19,36,17,19,36,17,19,36,17,19,36,17,19,36,17
Khotang,Salyan,36,60,2,9,7,2,9,7,2,9,7,2,9,7,2,9,7
Khotang,Sankhuwasabha,36,61,59,89,30,59,89,30,59,89,30,59,89,30,59,89,30
Khotang,Saptari,36,62,131,233,102,131,233,102,131,233,102,131,233,102,131,233,102
Khotang,Sarlahi,36,63,33,76,43,33,76,43,33,76,43,33,76,43,33,76,43
Khotang,Sindhuli,36,64,84,160,76,84,160,76,84,160,76,84,160,76,84,160,76
Khotang,Sindhupalchok,36,65,15,27,12,15,27,12,15,27,12,15,27,12,15,27,12
Khotang,Siraha,36,66,128,174,46,128,174,46,128,174,46,128,174,46,128,174,46
Khotang,Solukhumbu,36,67,1680,1984,304,1680,1984,304,1680,1984,304,1211,1421,210,1211,1421,210
Khotang,Sunsari,36,68,691,1226,535,691,1226,535,691,1226,535,691,1226,535,691,1226,535
Khotang,Surkhet,36,69,2,19,17,2,19,17,2,19,17,2,19,17,2,19,17
Khotang,Syangja,36,70,6,12,6,6,12,6,6,12,6,6,12,6,6,12,6
Khotang,Tanahu,36,71,24,31,7,24,31,7,24,31,7,24,31,7,24,31,7
Khotang,Taplejung,36,72,8,7,-1,8,7,-1,8,7,-1,8,7,-1,8,7,-1
Khotang,Terhathum,36,73,11,25,14,11,25,14,11,25,14,11,25,14,11,25,14
Khotang,Udayapur,36,74,1221,1518,297,1221,1518,297,1221,1518,297,1221,1518,297,1129,1463,334
Lalitpur,Achham,37,0,0,0,0,0,0,0,0,0,0,0,0,0,0,0,0
Lalitpur,Arghakhanchi,37,1,0,0,0,0,0,0,0,0,0,0,0,0,0,0,0
Lalitpur,Baglung,37,2,0,0,0,0,0,0,0,0,0,0,0,0,0,0,0
Lalitpur,Baitadi,37,3,0,0,0,0,0,0,0,0,0,0,0,0,0,0,0
Lalitpur,Bajhang,37,4,0,0,0,0,0,0,0,0,0,0,0,0,0,0,0
Lalitpur,Bajura,37,5,0,0,0,0,0,0,0,0,0,0,0,0,0,0,0
Lalitpur,Banke,37,6,0,0,0,0,0,0,0,0,0,0,0,0,0,0,0
Lalitpur,Bara,37,7,0,0,0,0,0,0,0,0,0,0,0,0,0,0,0
Lalitpur,Bardiya,37,8,0,0,0,0,0,0,0,0,0,0,0,0,0,0,0
Lalitpur,Bhaktapur,37,9,0,0,0,0,0,0,0,0,0,0,0,0,0,0,0
Lalitpur,Bhojpur,37,10,0,0,0,0,0,0,0,0,0,0,0,0,0,0,0
Lalitpur,Chitawan,37,11,0,0,0,0,0,0,0,0,0,0,0,0,0,0,0
Lalitpur,Dadeldhura,37,12,0,0,0,0,0,0,0,0,0,0,0,0,0,0,0
Lalitpur,Dailekh,37,13,0,0,0,0,0,0,0,0,0,0,0,0,0,0,0
Lalitpur,Dang,37,14,0,0,0,0,0,0,0,0,0,0,0,0,0,0,0
Lalitpur,Darchula,37,15,0,0,0,0,0,0,0,0,0,0,0,0,0,0,0
Lalitpur,Dhading,37,16,0,0,0,0,0,0,0,0,0,0,0,0,0,0,0
Lalitpur,Dhankuta,37,17,0,0,0,0,0,0,0,0,0,0,0,0,0,0,0
Lalitpur,Dhanusha,37,18,0,0,0,0,0,0,0,0,0,0,0,0,0,0,0
Lalitpur,Dolakha,37,19,0,0,0,0,0,0,0,0,0,0,0,0,0,0,0
Lalitpur,Dolpa,37,20,0,0,0,0,0,0,0,0,0,0,0,0,0,0,0
Lalitpur,Doti,37,21,0,0,0,0,0,0,0,0,0,0,0,0,0,0,0
Lalitpur,Gorkha,37,22,0,0,0,0,0,0,0,0,0,0,0,0,0,0,0
Lalitpur,Gulmi,37,23,0,0,0,0,0,0,0,0,0,0,0,0,0,0,0
Lalitpur,Humla,37,24,0,0,0,0,0,0,0,0,0,0,0,0,0,0,0
Lalitpur,Ilam,37,25,0,0,0,0,0,0,0,0,0,0,0,0,0,0,0
Lalitpur,Jajarkot,37,26,0,0,0,0,0,0,0,0,0,0,0,0,0,0,0
Lalitpur,Jhapa,37,27,0,0,0,0,0,0,0,0,0,0,0,0,0,0,0
Lalitpur,Jumla,37,28,0,0,0,0,0,0,0,0,0,0,0,0,0,0,0
Lalitpur,Kabhrepalanchok,37,29,0,0,0,0,0,0,0,0,0,0,0,0,0,0,0
Lalitpur,Kailali,37,30,0,0,0,0,0,0,0,0,0,0,0,0,0,0,0
Lalitpur,Kalikot,37,31,0,0,0,0,0,0,0,0,0,0,0,0,0,0,0
Lalitpur,Kanchanpur,37,32,0,0,0,0,0,0,0,0,0,0,0,0,0,0,0
Lalitpur,Kapilbastu,37,33,0,0,0,0,0,0,0,0,0,0,0,0,0,0,0
Lalitpur,Kaski,37,34,0,0,0,0,0,0,0,0,0,0,0,0,0,0,0
Lalitpur,Kathmandu,37,35,0,0,0,0,0,0,0,0,0,0,0,0,0,0,0
Lalitpur,Khotang,37,36,0,0,0,0,0,0,0,0,0,0,0,0,0,0,0
Lalitpur,Lalitpur,37,37,0,0,0,0,0,0,0,0,0,0,0,0,0,0,0
Lalitpur,Lamjung,37,38,0,0,0,0,0,0,0,0,0,0,0,0,0,0,0
Lalitpur,Mahottari,37,39,0,0,0,0,0,0,0,0,0,0,0,0,0,0,0
Lalitpur,Makawanpur,37,40,0,0,0,0,0,0,0,0,0,0,0,0,0,0,0
Lalitpur,Manang,37,41,0,0,0,0,0,0,0,0,0,0,0,0,0,0,0
Lalitpur,Morang,37,42,0,0,0,0,0,0,0,0,0,0,0,0,0,0,0
Lalitpur,Mugu,37,43,0,0,0,0,0,0,0,0,0,0,0,0,0,0,0
Lalitpur,Mustang,37,44,0,0,0,0,0,0,0,0,0,0,0,0,0,0,0
Lalitpur,Myagdi,37,45,0,0,0,0,0,0,0,0,0,0,0,0,0,0,0
Lalitpur,Nawalparasi,37,46,0,0,0,0,0,0,0,0,0,0,0,0,0,0,0
Lalitpur,Nuwakot,37,47,0,0,0,0,0,0,0,0,0,0,0,0,0,0,0
Lalitpur,Okhaldhunga,37,48,0,0,0,0,0,0,0,0,0,0,0,0,0,0,0
Lalitpur,Palpa,37,49,0,0,0,0,0,0,0,0,0,0,0,0,0,0,0
Lalitpur,Panchthar,37,50,0,0,0,0,0,0,0,0,0,0,0,0,0,0,0
Lalitpur,Parbat,37,51,0,0,0,0,0,0,0,0,0,0,0,0,0,0,0
Lalitpur,Parsa,37,52,0,0,0,0,0,0,0,0,0,0,0,0,0,0,0
Lalitpur,Pyuthan,37,53,0,0,0,0,0,0,0,0,0,0,0,0,0,0,0
Lalitpur,Ramechhap,37,54,0,0,0,0,0,0,0,0,0,0,0,0,0,0,0
Lalitpur,Rasuwa,37,55,0,0,0,0,0,0,0,0,0,0,0,0,0,0,0
Lalitpur,Rautahat,37,56,0,0,0,0,0,0,0,0,0,0,0,0,0,0,0
Lalitpur,Rolpa,37,57,0,0,0,0,0,0,0,0,0,0,0,0,0,0,0
Lalitpur,Rukum,37,58,0,0,0,0,0,0,0,0,0,0,0,0,0,0,0
Lalitpur,Rupandehi,37,59,0,0,0,0,0,0,0,0,0,0,0,0,0,0,0
Lalitpur,Salyan,37,60,0,0,0,0,0,0,0,0,0,0,0,0,0,0,0
Lalitpur,Sankhuwasabha,37,61,0,0,0,0,0,0,0,0,0,0,0,0,0,0,0
Lalitpur,Saptari,37,62,0,0,0,0,0,0,0,0,0,0,0,0,0,0,0
Lalitpur,Sarlahi,37,63,0,0,0,0,0,0,0,0,0,0,0,0,0,0,0
Lalitpur,Sindhuli,37,64,0,0,0,0,0,0,0,0,0,0,0,0,0,0,0
Lalitpur,Sindhupalchok,37,65,0,0,0,0,0,0,0,0,0,0,0,0,0,0,0
Lalitpur,Siraha,37,66,0,0,0,0,0,0,0,0,0,0,0,0,0,0,0
Lalitpur,Solukhumbu,37,67,0,0,0,0,0,0,0,0,0,0,0,0,0,0,0
Lalitpur,Sunsari,37,68,0,0,0,0,0,0,0,0,0,0,0,0,0,0,0
Lalitpur,Surkhet,37,69,0,0,0,0,0,0,0,0,0,0,0,0,0,0,0
Lalitpur,Syangja,37,70,0,0,0,0,0,0,0,0,0,0,0,0,0,0,0
Lalitpur,Tanahu,37,71,0,0,0,0,0,0,0,0,0,0,0,0,0,0,0
Lalitpur,Taplejung,37,72,0,0,0,0,0,0,0,0,0,0,0,0,0,0,0
Lalitpur,Terhathum,37,73,0,0,0,0,0,0,0,0,0,0,0,0,0,0,0
Lalitpur,Udayapur,37,74,0,0,0,0,0,0,0,0,0,0,0,0,0,0,0
Lamjung,Achham,38,0,1,6,5,1,6,5,1,6,5,1,6,5,1,6,5
Lamjung,Arghakhanchi,38,1,7,13,6,7,13,6,7,13,6,7,13,6,7,13,6
Lamjung,Baglung,38,2,30,37,7,30,37,7,30,37,7,30,37,7,30,37,7
Lamjung,Baitadi,38,3,5,4,-1,5,4,-1,5,4,-1,5,4,-1,5,4,-1
Lamjung,Bajhang,38,4,0,2,2,0,2,2,0,2,2,0,2,2,0,2,2
Lamjung,Bajura,38,5,0,1,1,0,1,1,0,1,1,0,1,1,0,1,1
Lamjung,Banke,38,6,36,41,5,36,41,5,36,41,5,36,41,5,36,41,5
Lamjung,Bara,38,7,101,182,81,101,182,81,101,182,81,101,182,81,101,182,81
Lamjung,Bardiya,38,8,89,144,55,89,144,55,89,144,55,89,144,55,89,144,55
Lamjung,Bhaktapur,38,9,0,0,0,0,0,0,0,0,0,0,0,0,0,0,0
Lamjung,Bhojpur,38,10,5,8,3,5,8,3,5,8,3,5,8,3,5,8,3
Lamjung,Chitawan,38,11,1186,1449,263,1186,1449,263,1186,1449,263,1186,1449,263,1186,1449,263
Lamjung,Dadeldhura,38,12,4,5,1,4,5,1,4,5,1,4,5,1,4,5,1
Lamjung,Dailekh,38,13,1,9,8,1,9,8,1,9,8,1,9,8,1,9,8
Lamjung,Dang,38,14,54,72,18,54,72,18,54,72,18,54,72,18,54,72,18
Lamjung,Darchula,38,15,1,3,2,1,3,2,1,3,2,1,3,2,1,3,2
Lamjung,Dhading,38,16,101,145,44,101,145,44,101,145,44,101,145,44,101,145,44
Lamjung,Dhankuta,38,17,7,15,8,7,15,8,7,15,8,7,15,8,7,15,8
Lamjung,Dhanusha,38,18,31,32,1,31,32,1,31,32,1,31,32,1,31,32,1
Lamjung,Dolakha,38,19,6,4,-2,6,4,-2,6,4,-2,6,4,-2,6,4,-2
Lamjung,Dolpa,38,20,0,1,1,0,1,1,0,1,1,0,1,1,0,1,1
Lamjung,Doti,38,21,3,6,3,3,6,3,3,6,3,3,6,3,3,6,3
Lamjung,Gorkha,38,22,1177,1878,701,1177,1878,701,1177,1878,701,814,1351,537,524,968,444
Lamjung,Gulmi,38,23,12,11,-1,12,11,-1,12,11,-1,12,11,-1,12,11,-1
Lamjung,Humla,38,24,1,1,0,1,1,0,1,1,0,1,1,0,1,1,0
Lamjung,Ilam,38,25,13,25,12,13,25,12,13,25,12,13,25,12,13,25,12
Lamjung,Jajarkot,38,26,0,4,4,0,4,4,0,4,4,0,4,4,0,4,4
Lamjung,Jhapa,38,27,60,87,27,60,87,27,60,87,27,60,87,27,60,87,27
Lamjung,Jumla,38,28,1,1,0,1,1,0,1,1,0,1,1,0,1,1,0
Lamjung,Kabhrepalanchok,38,29,37,53,16,37,53,16,37,53,16,37,53,16,37,53,16
Lamjung,Kailali,38,30,23,26,3,23,26,3,23,26,3,23,26,3,23,26,3
Lamjung,Kalikot,38,31,0,1,1,0,1,1,0,1,1,0,1,1,0,1,1
Lamjung,Kanchanpur,38,32,35,48,13,35,48,13,35,48,13,35,48,13,35,48,13
Lamjung,Kapilbastu,38,33,21,45,24,21,45,24,21,45,24,21,45,24,21,45,24
Lamjung,Kaski,38,34,2696,3104,408,2696,3104,408,2618,3040,422,2325,2682,357,1956,2271,315
Lamjung,Kathmandu,38,35,1915,1574,-341,1915,1574,-341,1915,1574,-341,1915,1574,-341,1915,1574,-341
Lamjung,Khotang,38,36,5,14,9,5,14,9,5,14,9,5,14,9,5,14,9
Lamjung,Lalitpur,38,37,0,0,0,0,0,0,0,0,0,0,0,0,0,0,0
Lamjung,Lamjung,38,38,0,0,0,0,0,0,0,0,0,0,0,0,0,0,0
Lamjung,Mahottari,38,39,22,25,3,22,25,3,22,25,3,22,25,3,22,25,3
Lamjung,Makawanpur,38,40,105,168,63,105,168,63,105,168,63,105,168,63,105,168,63
Lamjung,Manang,38,41,19,40,21,19,40,21,19,40,21,19,40,21,19,40,21
Lamjung,Morang,38,42,47,71,24,47,71,24,47,71,24,47,71,24,47,71,24
Lamjung,Mugu,38,43,0,0,0,0,0,0,0,0,0,0,0,0,0,0,0
Lamjung,Mustang,38,44,6,11,5,6,11,5,6,11,5,6,11,5,6,11,5
Lamjung,Myagdi,38,45,16,21,5,16,21,5,16,21,5,16,21,5,16,21,5
Lamjung,Nawalparasi,38,46,239,379,140,239,379,140,239,379,140,239,379,140,239,379,140
Lamjung,Nuwakot,38,47,48,55,7,48,55,7,48,55,7,48,55,7,48,55,7
Lamjung,Okhaldhunga,38,48,3,2,-1,3,2,-1,3,2,-1,3,2,-1,3,2,-1
Lamjung,Palpa,38,49,28,30,2,28,30,2,28,30,2,28,30,2,28,30,2
Lamjung,Panchthar,38,50,11,9,-2,11,9,-2,11,9,-2,11,9,-2,11,9,-2
Lamjung,Parbat,38,51,21,46,25,21,46,25,21,46,25,21,46,25,21,46,25
Lamjung,Parsa,38,52,73,153,80,73,153,80,73,153,80,73,153,80,73,153,80
Lamjung,Pyuthan,38,53,17,17,0,17,17,0,17,17,0,17,17,0,17,17,0
Lamjung,Ramechhap,38,54,3,3,0,3,3,0,3,3,0,3,3,0,3,3,0
Lamjung,Rasuwa,38,55,7,4,-3,7,4,-3,7,4,-3,7,4,-3,7,4,-3
Lamjung,Rautahat,38,56,45,72,27,45,72,27,45,72,27,45,72,27,45,72,27
Lamjung,Rolpa,38,57,16,21,5,16,21,5,16,21,5,16,21,5,16,21,5
Lamjung,Rukum,38,58,7,7,0,7,7,0,7,7,0,7,7,0,7,7,0
Lamjung,Rupandehi,38,59,115,162,47,115,162,47,115,162,47,115,162,47,115,162,47
Lamjung,Salyan,38,60,16,19,3,16,19,3,16,19,3,16,19,3,16,19,3
Lamjung,Sankhuwasabha,38,61,8,11,3,8,11,3,8,11,3,8,11,3,8,11,3
Lamjung,Saptari,38,62,26,44,18,26,44,18,26,44,18,26,44,18,26,44,18
Lamjung,Sarlahi,38,63,20,30,10,20,30,10,20,30,10,20,30,10,20,30,10
Lamjung,Sindhuli,38,64,36,46,10,36,46,10,36,46,10,36,46,10,36,46,10
Lamjung,Sindhupalchok,38,65,30,32,2,30,32,2,30,32,2,30,32,2,30,32,2
Lamjung,Siraha,38,66,13,22,9,13,22,9,13,22,9,13,22,9,13,22,9
Lamjung,Solukhumbu,38,67,5,6,1,5,6,1,5,6,1,5,6,1,5,6,1
Lamjung,Sunsari,38,68,41,64,23,41,64,23,41,64,23,41,64,23,41,64,23
Lamjung,Surkhet,38,69,18,22,4,18,22,4,18,22,4,18,22,4,18,22,4
Lamjung,Syangja,38,70,147,191,44,147,191,44,147,191,44,147,191,44,147,191,44
Lamjung,Tanahu,38,71,3144,4348,1204,3121,4312,1191,2215,2974,759,1380,1795,415,772,1024,252
Lamjung,Taplejung,38,72,2,2,0,2,2,0,2,2,0,2,2,0,2,2,0
Lamjung,Terhathum,38,73,2,3,1,2,3,1,2,3,1,2,3,1,2,3,1
Lamjung,Udayapur,38,74,19,42,23,19,42,23,19,42,23,19,42,23,19,42,23
Mahottari,Achham,39,0,5,2,-3,5,2,-3,5,2,-3,5,2,-3,5,2,-3
Mahottari,Arghakhanchi,39,1,6,16,10,6,16,10,6,16,10,6,16,10,6,16,10
Mahottari,Baglung,39,2,7,27,20,7,27,20,7,27,20,7,27,20,7,27,20
Mahottari,Baitadi,39,3,5,6,1,5,6,1,5,6,1,5,6,1,5,6,1
Mahottari,Bajhang,39,4,0,0,0,0,0,0,0,0,0,0,0,0,0,0,0
Mahottari,Bajura,39,5,0,0,0,0,0,0,0,0,0,0,0,0,0,0,0
Mahottari,Banke,39,6,40,98,58,40,98,58,40,98,58,40,98,58,40,98,58
Mahottari,Bara,39,7,445,607,162,445,607,162,445,607,162,445,607,162,445,607,162
Mahottari,Bardiya,39,8,29,43,14,29,43,14,29,43,14,29,43,14,29,43,14
Mahottari,Bhaktapur,39,9,0,0,0,0,0,0,0,0,0,0,0,0,0,0,0
Mahottari,Bhojpur,39,10,7,13,6,7,13,6,7,13,6,7,13,6,7,13,6
Mahottari,Chitawan,39,11,276,457,181,276,457,181,276,457,181,276,457,181,276,457,181
Mahottari,Dadeldhura,39,12,3,5,2,3,5,2,3,5,2,3,5,2,3,5,2
Mahottari,Dailekh,39,13,8,12,4,8,12,4,8,12,4,8,12,4,8,12,4
Mahottari,Dang,39,14,48,84,36,48,84,36,48,84,36,48,84,36,48,84,36
Mahottari,Darchula,39,15,0,3,3,0,3,3,0,3,3,0,3,3,0,3,3
Mahottari,Dhading,39,16,81,115,34,81,115,34,81,115,34,81,115,34,81,115,34
Mahottari,Dhankuta,39,17,29,42,13,29,42,13,29,42,13,29,42,13,29,42,13
Mahottari,Dhanusha,39,18,18613,25138,6525,17201,23254,6053,12451,17295,4844,7545,10451,2906,4843,6687,1844
Mahottari,Dolakha,39,19,77,22,-55,77,22,-55,77,22,-55,77,22,-55,77,22,-55
Mahottari,Dolpa,39,20,0,1,1,0,1,1,0,1,1,0,1,1,0,1,1
Mahottari,Doti,39,21,5,12,7,5,12,7,5,12,7,5,12,7,5,12,7
Mahottari,Gorkha,39,22,57,124,67,57,124,67,57,124,67,57,124,67,57,124,67
Mahottari,Gulmi,39,23,8,9,1,8,9,1,8,9,1,8,9,1,8,9,1
Mahottari,Humla,39,24,0,0,0,0,0,0,0,0,0,0,0,0,0,0,0
Mahottari,Ilam,39,25,23,54,31,23,54,31,23,54,31,23,54,31,23,54,31
Mahottari,Jajarkot,39,26,1,1,0,1,1,0,1,1,0,1,1,0,1,1,0
Mahottari,Jhapa,39,27,225,380,155,225,380,155,225,380,155,225,380,155,225,380,155
Mahottari,Jumla,39,28,0,1,1,0,1,1,0,1,1,0,1,1,0,1,1
Mahottari,Kabhrepalanchok,39,29,102,193,91,102,193,91,102,193,91,102,193,91,102,193,91
Mahottari,Kailali,39,30,122,178,56,122,178,56,122,178,56,122,178,56,122,178,56
Mahottari,Kalikot,39,31,0,1,1,0,1,1,0,1,1,0,1,1,0,1,1
Mahottari,Kanchanpur,39,32,29,64,35,29,64,35,29,64,35,29,64,35,29,64,35
Mahottari,Kapilbastu,39,33,31,44,13,31,44,13,31,44,13,31,44,13,31,44,13
Mahottari,Kaski,39,34,123,198,75,123,198,75,123,198,75,123,198,75,123,198,75
Mahottari,Kathmandu,39,35,4474,3548,-926,4474,3548,-926,4474,3548,-926,4474,3548,-926,4474,3548,-926
Mahottari,Khotang,39,36,34,38,4,34,38,4,34,38,4,34,38,4,34,38,4
Mahottari,Lalitpur,39,37,0,0,0,0,0,0,0,0,0,0,0,0,0,0,0
Mahottari,Lamjung,39,38,14,29,15,14,29,15,14,29,15,14,29,15,14,29,15
Mahottari,Mahottari,39,39,0,0,0,0,0,0,0,0,0,0,0,0,0,0,0
Mahottari,Makawanpur,39,40,318,498,180,318,498,180,318,498,180,318,498,180,318,498,180
Mahottari,Manang,39,41,1,1,0,1,1,0,1,1,0,1,1,0,1,1,0
Mahottari,Morang,39,42,360,515,155,360,515,155,360,515,155,360,515,155,360,515,155
Mahottari,Mugu,39,43,0,0,0,0,0,0,0,0,0,0,0,0,0,0,0
Mahottari,Mustang,39,44,2,1,-1,2,1,-1,2,1,-1,2,1,-1,2,1,-1
Mahottari,Myagdi,39,45,2,12,10,2,12,10,2,12,10,2,12,10,2,12,10
Mahottari,Nawalparasi,39,46,68,135,67,68,135,67,68,135,67,68,135,67,68,135,67
Mahottari,Nuwakot,39,47,28,45,17,28,45,17,28,45,17,28,45,17,28,45,17
Mahottari,Okhaldhunga,39,48,7,21,14,7,21,14,7,21,14,7,21,14,7,21,14
Mahottari,Palpa,39,49,11,18,7,11,18,7,11,18,7,11,18,7,11,18,7
Mahottari,Panchthar,39,50,18,37,19,18,37,19,18,37,19,18,37,19,18,37,19
Mahottari,Parbat,39,51,5,12,7,5,12,7,5,12,7,5,12,7,5,12,7
Mahottari,Parsa,39,52,468,681,213,468,681,213,468,681,213,468,681,213,468,681,213
Mahottari,Pyuthan,39,53,11,14,3,11,14,3,11,14,3,11,14,3,11,14,3
Mahottari,Ramechhap,39,54,59,76,17,59,76,17,59,76,17,59,76,17,59,76,17
Mahottari,Rasuwa,39,55,7,0,-7,7,0,-7,7,0,-7,7,0,-7,7,0,-7
Mahottari,Rautahat,39,56,494,728,234,494,728,234,494,728,234,494,728,234,494,728,234
Mahottari,Rolpa,39,57,4,5,1,4,5,1,4,5,1,4,5,1,4,5,1
Mahottari,Rukum,39,58,3,4,1,3,4,1,3,4,1,3,4,1,3,4,1
Mahottari,Rupandehi,39,59,123,187,64,123,187,64,123,187,64,123,187,64,123,187,64
Mahottari,Salyan,39,60,10,12,2,10,12,2,10,12,2,10,12,2,10,12,2
Mahottari,Sankhuwasabha,39,61,10,27,17,10,27,17,10,27,17,10,27,17,10,27,17
Mahottari,Saptari,39,62,264,424,160,264,424,160,264,424,160,264,424,160,264,424,160
Mahottari,Sarlahi,39,63,5277,8523,3246,5179,8334,3155,4681,7547,2866,3955,6492,2537,3375,5525,2150
Mahottari,Sindhuli,39,64,929,1396,467,929,1396,467,929,1396,467,731,1160,429,651,1019,368
Mahottari,Sindhupalchok,39,65,29,40,11,29,40,11,29,40,11,29,40,11,29,40,11
Mahottari,Siraha,39,66,1233,1841,608,1233,1841,608,1233,1841,608,1233,1841,608,1233,1841,608
Mahottari,Solukhumbu,39,67,14,14,0,14,14,0,14,14,0,14,14,0,14,14,0
Mahottari,Sunsari,39,68,253,390,137,253,390,137,253,390,137,253,390,137,253,390,137
Mahottari,Surkhet,39,69,34,48,14,34,48,14,34,48,14,34,48,14,34,48,14
Mahottari,Syangja,39,70,16,35,19,16,35,19,16,35,19,16,35,19,16,35,19
Mahottari,Tanahu,39,71,46,77,31,46,77,31,46,77,31,46,77,31,46,77,31
Mahottari,Taplejung,39,72,4,5,1,4,5,1,4,5,1,4,5,1,4,5,1
Mahottari,Terhathum,39,73,4,15,11,4,15,11,4,15,11,4,15,11,4,15,11
Mahottari,Udayapur,39,74,188,282,94,188,282,94,188,282,94,188,282,94,188,282,94
Makawanpur,Achham,40,0,6,16,10,6,16,10,6,16,10,6,16,10,6,16,10
Makawanpur,Arghakhanchi,40,1,23,53,30,23,53,30,23,53,30,23,53,30,23,53,30
Makawanpur,Baglung,40,2,36,70,34,36,70,34,36,70,34,36,70,34,36,70,34
Makawanpur,Baitadi,40,3,13,8,-5,13,8,-5,13,8,-5,13,8,-5,13,8,-5
Makawanpur,Bajhang,40,4,3,0,-3,3,0,-3,3,0,-3,3,0,-3,3,0,-3
Makawanpur,Bajura,40,5,1,0,-1,1,0,-1,1,0,-1,1,0,-1,1,0,-1
Makawanpur,Banke,40,6,115,168,53,115,168,53,115,168,53,115,168,53,115,168,53
Makawanpur,Bara,40,7,2983,4714,1731,2983,4714,1731,2971,4691,1720,2721,4349,1628,2543,4087,1544
Makawanpur,Bardiya,40,8,130,200,70,130,200,70,130,200,70,130,200,70,130,200,70
Makawanpur,Bhaktapur,40,9,0,0,0,0,0,0,0,0,0,0,0,0,0,0,0
Makawanpur,Bhojpur,40,10,18,36,18,18,36,18,18,36,18,18,36,18,18,36,18
Makawanpur,Chitawan,40,11,3029,4380,1351,3029,4380,1351,3029,4380,1351,3029,4380,1351,2829,4080,1251
Makawanpur,Dadeldhura,40,12,8,11,3,8,11,3,8,11,3,8,11,3,8,11,3
Makawanpur,Dailekh,40,13,12,21,9,12,21,9,12,21,9,12,21,9,12,21,9
Makawanpur,Dang,40,14,142,166,24,142,166,24,142,166,24,142,166,24,142,166,24
Makawanpur,Darchula,40,15,5,6,1,5,6,1,5,6,1,5,6,1,5,6,1
Makawanpur,Dhading,40,16,1186,2100,914,1068,1732,664,899,1460,561,699,1097,398,637,996,359
Makawanpur,Dhankuta,40,17,65,102,37,65,102,37,65,102,37,65,102,37,65,102,37
Makawanpur,Dhanusha,40,18,314,523,209,314,523,209,314,523,209,314,523,209,314,523,209
Makawanpur,Dolakha,40,19,74,31,-43,74,31,-43,74,31,-43,74,31,-43,74,31,-43
Makawanpur,Dolpa,40,20,0,2,2,0,2,2,0,2,2,0,2,2,0,2,2
Makawanpur,Doti,40,21,12,20,8,12,20,8,12,20,8,12,20,8,12,20,8
Makawanpur,Gorkha,40,22,290,599,309,290,599,309,290,599,309,290,599,309,290,599,309
Makawanpur,Gulmi,40,23,26,68,42,26,68,42,26,68,42,26,68,42,26,68,42
Makawanpur,Humla,40,24,0,1,1,0,1,1,0,1,1,0,1,1,0,1,1
Makawanpur,Ilam,40,25,85,152,67,85,152,67,85,152,67,85,152,67,85,152,67
Makawanpur,Jajarkot,40,26,7,11,4,7,11,4,7,11,4,7,11,4,7,11,4
Makawanpur,Jhapa,40,27,376,641,265,376,641,265,376,641,265,376,641,265,376,641,265
Makawanpur,Jumla,40,28,0,3,3,0,3,3,0,3,3,0,3,3,0,3,3
Makawanpur,Kabhrepalanchok,40,29,407,792,385,407,792,385,407,792,385,407,792,385,407,792,385
Makawanpur,Kailali,40,30,104,171,67,104,171,67,104,171,67,104,171,67,104,171,67
Makawanpur,Kalikot,40,31,0,3,3,0,3,3,0,3,3,0,3,3,0,3,3
Makawanpur,Kanchanpur,40,32,69,108,39,69,108,39,69,108,39,69,108,39,69,108,39
Makawanpur,Kapilbastu,40,33,68,102,34,68,102,34,68,102,34,68,102,34,68,102,34
Makawanpur,Kaski,40,34,658,1004,346,658,1004,346,658,1004,346,658,1004,346,658,1004,346
Makawanpur,Kathmandu,40,35,9983,11777,1794,9960,11766,1806,9726,11518,1792,8950,10722,1772,8223,9949,1726
Makawanpur,Khotang,40,36,48,87,39,48,87,39,48,87,39,48,87,39,48,87,39
Makawanpur,Lalitpur,40,37,0,0,0,0,0,0,0,0,0,0,0,0,0,0,0
Makawanpur,Lamjung,40,38,128,170,42,128,170,42,128,170,42,128,170,42,128,170,42
Makawanpur,Mahottari,40,39,301,498,197,301,498,197,301,498,197,301,498,197,301,498,197
Makawanpur,Makawanpur,40,40,0,0,0,0,0,0,0,0,0,0,0,0,0,0,0
Makawanpur,Manang,40,41,0,2,2,0,2,2,0,2,2,0,2,2,0,2,2
Makawanpur,Morang,40,42,427,641,214,427,641,214,427,641,214,427,641,214,427,641,214
Makawanpur,Mugu,40,43,4,5,1,4,5,1,4,5,1,4,5,1,4,5,1
Makawanpur,Mustang,40,44,15,4,-11,15,4,-11,15,4,-11,15,4,-11,15,4,-11
Makawanpur,Myagdi,40,45,25,46,21,25,46,21,25,46,21,25,46,21,25,46,21
Makawanpur,Nawalparasi,40,46,461,798,337,461,798,337,461,798,337,461,798,337,461,798,337
Makawanpur,Nuwakot,40,47,377,597,220,377,597,220,377,597,220,352,523,171,258,422,164
Makawanpur,Okhaldhunga,40,48,11,28,17,11,28,17,11,28,17,11,28,17,11,28,17
Makawanpur,Palpa,40,49,30,83,53,30,83,53,30,83,53,30,83,53,30,83,53
Makawanpur,Panchthar,40,50,48,82,34,48,82,34,48,82,34,48,82,34,48,82,34
Makawanpur,Parbat,40,51,35,47,12,35,47,12,35,47,12,35,47,12,35,47,12
Makawanpur,Parsa,40,52,1824,2869,1045,1824,2869,1045,1824,2869,1045,1824,2869,1045,1817,2859,1042
Makawanpur,Pyuthan,40,53,26,23,-3,26,23,-3,26,23,-3,26,23,-3,26,23,-3
Makawanpur,Ramechhap,40,54,24,50,26,24,50,26,24,50,26,24,50,26,24,50,26
Makawanpur,Rasuwa,40,55,29,10,-19,29,10,-19,29,10,-19,29,10,-19,29,10,-19
Makawanpur,Rautahat,40,56,844,1667,823,844,1667,823,844,1667,823,844,1667,823,844,1667,823
Makawanpur,Rolpa,40,57,10,23,13,10,23,13,10,23,13,10,23,13,10,23,13
Makawanpur,Rukum,40,58,13,21,8,13,21,8,13,21,8,13,21,8,13,21,8
Makawanpur,Rupandehi,40,59,329,514,185,329,514,185,329,514,185,329,514,185,329,514,185
Makawanpur,Salyan,40,60,18,22,4,18,22,4,18,22,4,18,22,4,18,22,4
Makawanpur,Sankhuwasabha,40,61,25,58,33,25,58,33,25,58,33,25,58,33,25,58,33
Makawanpur,Saptari,40,62,162,279,117,162,279,117,162,279,117,162,279,117,162,279,117
Makawanpur,Sarlahi,40,63,758,1389,631,758,1389,631,758,1389,631,758,1389,631,758,1389,631
Makawanpur,Sindhuli,40,64,222,447,225,222,447,225,222,447,225,222,447,225,222,447,225
Makawanpur,Sindhupalchok,40,65,114,204,90,114,204,90,114,204,90,114,204,90,114,204,90
Makawanpur,Siraha,40,66,147,269,122,147,269,122,147,269,122,147,269,122,147,269,122
Makawanpur,Solukhumbu,40,67,20,35,15,20,35,15,20,35,15,20,35,15,20,35,15
Makawanpur,Sunsari,40,68,353,606,253,353,606,253,353,606,253,353,606,253,353,606,253
Makawanpur,Surkhet,40,69,81,76,-5,81,76,-5,81,76,-5,81,76,-5,81,76,-5
Makawanpur,Syangja,40,70,104,152,48,104,152,48,104,152,48,104,152,48,104,152,48
Makawanpur,Tanahu,40,71,319,418,99,319,418,99,319,418,99,319,418,99,319,418,99
Makawanpur,Taplejung,40,72,4,10,6,4,10,6,4,10,6,4,10,6,4,10,6
Makawanpur,Terhathum,40,73,15,32,17,15,32,17,15,32,17,15,32,17,15,32,17
Makawanpur,Udayapur,40,74,155,267,112,155,267,112,155,267,112,155,267,112,155,267,112
Manang,Achham,41,0,0,0,0,0,0,0,0,0,0,0,0,0,0,0,0
Manang,Arghakhanchi,41,1,0,2,2,0,2,2,0,2,2,0,2,2,0,2,2
Manang,Baglung,41,2,0,1,1,0,1,1,0,1,1,0,1,1,0,1,1
Manang,Baitadi,41,3,0,0,0,0,0,0,0,0,0,0,0,0,0,0,0
Manang,Bajhang,41,4,0,0,0,0,0,0,0,0,0,0,0,0,0,0,0
Manang,Bajura,41,5,0,0,0,0,0,0,0,0,0,0,0,0,0,0,0
Manang,Banke,41,6,1,2,1,1,2,1,1,2,1,1,2,1,1,2,1
Manang,Bara,41,7,3,6,3,3,6,3,3,6,3,3,6,3,3,6,3
Manang,Bardiya,41,8,1,2,1,1,2,1,1,2,1,1,2,1,1,2,1
Manang,Bhaktapur,41,9,0,0,0,0,0,0,0,0,0,0,0,0,0,0,0
Manang,Bhojpur,41,10,0,0,0,0,0,0,0,0,0,0,0,0,0,0,0
Manang,Chitawan,41,11,3,9,6,3,9,6,3,9,6,3,9,6,3,9,6
Manang,Dadeldhura,41,12,0,0,0,0,0,0,0,0,0,0,0,0,0,0,0
Manang,Dailekh,41,13,0,1,1,0,1,1,0,1,1,0,1,1,0,1,1
Manang,Dang,41,14,2,2,0,2,2,0,2,2,0,2,2,0,2,2,0
Manang,Darchula,41,15,0,0,0,0,0,0,0,0,0,0,0,0,0,0,0
Manang,Dhading,41,16,1,5,4,1,5,4,1,5,4,1,5,4,1,5,4
Manang,Dhankuta,41,17,0,0,0,0,0,0,0,0,0,0,0,0,0,0,0
Manang,Dhanusha,41,18,2,2,0,2,2,0,2,2,0,2,2,0,2,2,0
Manang,Dolakha,41,19,0,1,1,0,1,1,0,1,1,0,1,1,0,1,1
Manang,Dolpa,41,20,0,0,0,0,0,0,0,0,0,0,0,0,0,0,0
Manang,Doti,41,21,0,0,0,0,0,0,0,0,0,0,0,0,0,0,0
Manang,Gorkha,41,22,13,25,12,13,25,12,13,25,12,13,25,12,13,25,12
Manang,Gulmi,41,23,2,3,1,2,3,1,2,3,1,2,3,1,2,3,1
Manang,Humla,41,24,0,0,0,0,0,0,0,0,0,0,0,0,0,0,0
Manang,Ilam,41,25,0,0,0,0,0,0,0,0,0,0,0,0,0,0,0
Manang,Jajarkot,41,26,0,0,0,0,0,0,0,0,0,0,0,0,0,0,0
Manang,Jhapa,41,27,2,1,-1,2,1,-1,2,1,-1,2,1,-1,2,1,-1
Manang,Jumla,41,28,0,0,0,0,0,0,0,0,0,0,0,0,0,0,0
Manang,Kabhrepalanchok,41,29,1,1,0,1,1,0,1,1,0,1,1,0,1,1,0
Manang,Kailali,41,30,1,1,0,1,1,0,1,1,0,1,1,0,1,1,0
Manang,Kalikot,41,31,0,0,0,0,0,0,0,0,0,0,0,0,0,0,0
Manang,Kanchanpur,41,32,1,1,0,1,1,0,1,1,0,1,1,0,1,1,0
Manang,Kapilbastu,41,33,1,0,-1,1,0,-1,1,0,-1,1,0,-1,1,0,-1
Manang,Kaski,41,34,20,30,10,20,30,10,20,30,10,20,30,10,20,30,10
Manang,Kathmandu,41,35,25,21,-4,25,21,-4,25,21,-4,25,21,-4,25,21,-4
Manang,Khotang,41,36,0,1,1,0,1,1,0,1,1,0,1,1,0,1,1
Manang,Lalitpur,41,37,0,0,0,0,0,0,0,0,0,0,0,0,0,0,0
Manang,Lamjung,41,38,21,20,-1,21,20,-1,21,20,-1,21,20,-1,21,20,-1
Manang,Mahottari,41,39,0,1,1,0,1,1,0,1,1,0,1,1,0,1,1
Manang,Makawanpur,41,40,1,0,-1,1,0,-1,1,0,-1,1,0,-1,1,0,-1
Manang,Manang,41,41,0,0,0,0,0,0,0,0,0,0,0,0,0,0,0
Manang,Morang,41,42,1,4,3,1,4,3,1,4,3,1,4,3,1,4,3
Manang,Mugu,41,43,0,0,0,0,0,0,0,0,0,0,0,0,0,0,0
Manang,Mustang,41,44,14,2,-12,14,2,-12,14,2,-12,14,2,-12,14,2,-12
Manang,Myagdi,41,45,2,1,-1,2,1,-1,2,1,-1,2,1,-1,2,1,-1
Manang,Nawalparasi,41,46,1,5,4,1,5,4,1,5,4,1,5,4,1,5,4
Manang,Nuwakot,41,47,0,1,1,0,1,1,0,1,1,0,1,1,0,1,1
Manang,Okhaldhunga,41,48,0,0,0,0,0,0,0,0,0,0,0,0,0,0,0
Manang,Palpa,41,49,0,0,0,0,0,0,0,0,0,0,0,0,0,0,0
Manang,Panchthar,41,50,0,0,0,0,0,0,0,0,0,0,0,0,0,0,0
Manang,Parbat,41,51,0,1,1,0,1,1,0,1,1,0,1,1,0,1,1
Manang,Parsa,41,52,2,0,-2,2,0,-2,2,0,-2,2,0,-2,2,0,-2
Manang,Pyuthan,41,53,0,2,2,0,2,2,0,2,2,0,2,2,0,2,2
Manang,Ramechhap,41,54,0,0,0,0,0,0,0,0,0,0,0,0,0,0,0
Manang,Rasuwa,41,55,3,0,-3,3,0,-3,3,0,-3,3,0,-3,3,0,-3
Manang,Rautahat,41,56,1,0,-1,1,0,-1,1,0,-1,1,0,-1,1,0,-1
Manang,Rolpa,41,57,0,0,0,0,0,0,0,0,0,0,0,0,0,0,0
Manang,Rukum,41,58,0,0,0,0,0,0,0,0,0,0,0,0,0,0,0
Manang,Rupandehi,41,59,2,6,4,2,6,4,2,6,4,2,6,4,2,6,4
Manang,Salyan,41,60,0,0,0,0,0,0,0,0,0,0,0,0,0,0,0
Manang,Sankhuwasabha,41,61,0,0,0,0,0,0,0,0,0,0,0,0,0,0,0
Manang,Saptari,41,62,0,0,0,0,0,0,0,0,0,0,0,0,0,0,0
Manang,Sarlahi,41,63,0,0,0,0,0,0,0,0,0,0,0,0,0,0,0
Manang,Sindhuli,41,64,1,2,1,1,2,1,1,2,1,1,2,1,1,2,1
Manang,Sindhupalchok,41,65,0,0,0,0,0,0,0,0,0,0,0,0,0,0,0
Manang,Siraha,41,66,1,1,0,1,1,0,1,1,0,1,1,0,1,1,0
Manang,Solukhumbu,41,67,1,0,-1,1,0,-1,1,0,-1,1,0,-1,1,0,-1
Manang,Sunsari,41,68,1,3,2,1,3,2,1,3,2,1,3,2,1,3,2
Manang,Surkhet,41,69,0,1,1,0,1,1,0,1,1,0,1,1,0,1,1
Manang,Syangja,41,70,4,6,2,4,6,2,4,6,2,4,6,2,4,6,2
Manang,Tanahu,41,71,9,10,1,9,10,1,9,10,1,9,10,1,9,10,1
Manang,Taplejung,41,72,0,1,1,0,1,1,0,1,1,0,1,1,0,1,1
Manang,Terhathum,41,73,0,0,0,0,0,0,0,0,0,0,0,0,0,0,0
Manang,Udayapur,41,74,0,2,2,0,2,2,0,2,2,0,2,2,0,2,2
Morang,Achham,42,0,8,15,7,8,15,7,8,15,7,8,15,7,8,15,7
Morang,Arghakhanchi,42,1,26,37,11,26,37,11,26,37,11,26,37,11,26,37,11
Morang,Baglung,42,2,30,48,18,30,48,18,30,48,18,30,48,18,30,48,18
Morang,Baitadi,42,3,12,14,2,12,14,2,12,14,2,12,14,2,12,14,2
Morang,Bajhang,42,4,0,2,2,0,2,2,0,2,2,0,2,2,0,2,2
Morang,Bajura,42,5,0,1,1,0,1,1,0,1,1,0,1,1,0,1,1
Morang,Banke,42,6,109,212,103,109,212,103,109,212,103,109,212,103,109,212,103
Morang,Bara,42,7,383,616,233,383,616,233,383,616,233,383,616,233,383,616,233
Morang,Bardiya,42,8,61,93,32,61,93,32,61,93,32,61,93,32,61,93,32
Morang,Bhaktapur,42,9,0,0,0,0,0,0,0,0,0,0,0,0,0,0,0
Morang,Bhojpur,42,10,933,1438,505,933,1438,505,933,1438,505,933,1438,505,933,1438,505
Morang,Chitawan,42,11,651,1021,370,651,1021,370,651,1021,370,651,1021,370,651,1021,370
Morang,Dadeldhura,42,12,2,14,12,2,14,12,2,14,12,2,14,12,2,14,12
Morang,Dailekh,42,13,14,27,13,14,27,13,14,27,13,14,27,13,14,27,13
Morang,Dang,42,14,158,221,63,158,221,63,158,221,63,158,221,63,158,221,63
Morang,Darchula,42,15,3,6,3,3,6,3,3,6,3,3,6,3,3,6,3
Morang,Dhading,42,16,204,286,82,204,286,82,204,286,82,204,286,82,204,286,82
Morang,Dhankuta,42,17,2858,4322,1464,2858,4322,1464,2712,4108,1396,2645,4006,1361,2568,3893,1325
Morang,Dhanusha,42,18,904,1455,551,904,1455,551,904,1455,551,904,1455,551,904,1455,551
Morang,Dolakha,42,19,49,19,-30,49,19,-30,49,19,-30,49,19,-30,49,19,-30
Morang,Dolpa,42,20,1,2,1,1,2,1,1,2,1,1,2,1,1,2,1
Morang,Doti,42,21,7,12,5,7,12,5,7,12,5,7,12,5,7,12,5
Morang,Gorkha,42,22,143,257,114,143,257,114,143,257,114,143,257,114,143,257,114
Morang,Gulmi,42,23,15,44,29,15,44,29,15,44,29,15,44,29,15,44,29
Morang,Humla,42,24,1,0,-1,1,0,-1,1,0,-1,1,0,-1,1,0,-1
Morang,Ilam,42,25,1896,2546,650,1896,2546,650,1893,2537,644,1782,2371,589,1693,2271,578
Morang,Jajarkot,42,26,3,4,1,3,4,1,3,4,1,3,4,1,3,4,1
Morang,Jhapa,42,27,17095,23537,6442,17095,23537,6442,13905,19544,5639,12654,17853,5199,11459,16313,4854
Morang,Jumla,42,28,2,1,-1,2,1,-1,2,1,-1,2,1,-1,2,1,-1
Morang,Kabhrepalanchok,42,29,200,370,170,200,370,170,200,370,170,200,370,170,200,370,170
Morang,Kailali,42,30,162,251,89,162,251,89,162,251,89,162,251,89,162,251,89
Morang,Kalikot,42,31,2,3,1,2,3,1,2,3,1,2,3,1,2,3,1
Morang,Kanchanpur,42,32,64,110,46,64,110,46,64,110,46,64,110,46,64,110,46
Morang,Kapilbastu,42,33,65,84,19,65,84,19,65,84,19,65,84,19,65,84,19
Morang,Kaski,42,34,479,646,167,479,646,167,479,646,167,479,646,167,479,646,167
Morang,Kathmandu,42,35,10320,12076,1756,10320,12076,1756,10320,12076,1756,10320,12076,1756,10320,12076,1756
Morang,Khotang,42,36,476,803,327,476,803,327,476,803,327,476,803,327,476,803,327
Morang,Lalitpur,42,37,0,0,0,0,0,0,0,0,0,0,0,0,0,0,0
Morang,Lamjung,42,38,32,96,64,32,96,64,32,96,64,32,96,64,32,96,64
Morang,Mahottari,42,39,349,602,253,349,602,253,349,602,253,349,602,253,349,602,253
Morang,Makawanpur,42,40,364,665,301,364,665,301,364,665,301,364,665,301,364,665,301
Morang,Manang,42,41,2,0,-2,2,0,-2,2,0,-2,2,0,-2,2,0,-2
Morang,Morang,42,42,0,0,0,0,0,0,0,0,0,0,0,0,0,0,0
Morang,Mugu,42,43,3,0,-3,3,0,-3,3,0,-3,3,0,-3,3,0,-3
Morang,Mustang,42,44,6,9,3,6,9,3,6,9,3,6,9,3,6,9,3
Morang,Myagdi,42,45,21,33,12,21,33,12,21,33,12,21,33,12,21,33,12
Morang,Nawalparasi,42,46,187,374,187,187,374,187,187,374,187,187,374,187,187,374,187
Morang,Nuwakot,42,47,54,113,59,54,113,59,54,113,59,54,113,59,54,113,59
Morang,Okhaldhunga,42,48,90,144,54,90,144,54,90,144,54,90,144,54,90,144,54
Morang,Palpa,42,49,43,52,9,43,52,9,43,52,9,43,52,9,43,52,9
Morang,Panchthar,42,50,1139,1717,578,1139,1717,578,1136,1710,574,1109,1661,552,1082,1635,553
Morang,Parbat,42,51,16,19,3,16,19,3,16,19,3,16,19,3,16,19,3
Morang,Parsa,42,52,437,620,183,437,620,183,437,620,183,437,620,183,437,620,183
Morang,Pyuthan,42,53,23,40,17,23,40,17,23,40,17,23,40,17,23,40,17
Morang,Ramechhap,42,54,26,58,32,26,58,32,26,58,32,26,58,32,26,58,32
Morang,Rasuwa,42,55,10,7,-3,10,7,-3,10,7,-3,10,7,-3,10,7,-3
Morang,Rautahat,42,56,177,329,152,177,329,152,177,329,152,177,329,152,177,329,152
Morang,Rolpa,42,57,10,19,9,10,19,9,10,19,9,10,19,9,10,19,9
Morang,Rukum,42,58,9,13,4,9,13,4,9,13,4,9,13,4,9,13,4
Morang,Rupandehi,42,59,342,488,146,342,488,146,342,488,146,342,488,146,342,488,146
Morang,Salyan,42,60,13,27,14,13,27,14,13,27,14,13,27,14,13,27,14
Morang,Sankhuwasabha,42,61,1675,2627,952,1675,2627,952,1675,2627,952,1675,2627,952,1675,2627,952
Morang,Saptari,42,62,3332,5394,2062,3332,5394,2062,3332,5394,2062,3332,5394,2062,3332,5394,2062
Morang,Sarlahi,42,63,453,699,246,453,699,246,453,699,246,453,699,246,453,699,246
Morang,Sindhuli,42,64,236,491,255,236,491,255,236,491,255,236,491,255,236,491,255
Morang,Sindhupalchok,42,65,75,130,55,75,130,55,75,130,55,75,130,55,75,130,55
Morang,Siraha,42,66,1515,2866,1351,1515,2866,1351,1515,2866,1351,1515,2866,1351,1515,2866,1351
Morang,Solukhumbu,42,67,133,181,48,133,181,48,133,181,48,133,181,48,133,181,48
Morang,Sunsari,42,68,26650,34969,8319,25915,33953,8038,21485,28634,7149,17658,23446,5788,14163,19101,4938
Morang,Surkhet,42,69,50,88,38,50,88,38,50,88,38,50,88,38,50,88,38
Morang,Syangja,42,70,72,116,44,72,116,44,72,116,44,72,116,44,72,116,44
Morang,Tanahu,42,71,137,210,73,137,210,73,137,210,73,137,210,73,137,210,73
Morang,Taplejung,42,72,266,352,86,266,352,86,266,352,86,266,352,86,266,352,86
Morang,Terhathum,42,73,961,1506,545,961,1506,545,961,1506,545,961,1506,545,957,1499,542
Morang,Udayapur,42,74,1820,2607,787,1820,2607,787,1820,2607,787,1820,2607,787,1820,2607,787
Mugu,Achham,43,0,0,2,2,0,2,2,0,2,2,0,2,2,0,2,2
Mugu,Arghakhanchi,43,1,0,3,3,0,3,3,0,3,3,0,3,3,0,3,3
Mugu,Baglung,43,2,0,2,2,0,2,2,0,2,2,0,2,2,0,2,2
Mugu,Baitadi,43,3,1,0,-1,1,0,-1,1,0,-1,1,0,-1,1,0,-1
Mugu,Bajhang,43,4,0,0,0,0,0,0,0,0,0,0,0,0,0,0,0
Mugu,Bajura,43,5,0,0,0,0,0,0,0,0,0,0,0,0,0,0,0
Mugu,Banke,43,6,26,65,39,26,65,39,26,65,39,26,65,39,26,65,39
Mugu,Bara,43,7,1,0,-1,1,0,-1,1,0,-1,1,0,-1,1,0,-1
Mugu,Bardiya,43,8,2,11,9,2,11,9,2,11,9,2,11,9,2,11,9
Mugu,Bhaktapur,43,9,0,0,0,0,0,0,0,0,0,0,0,0,0,0,0
Mugu,Bhojpur,43,10,0,0,0,0,0,0,0,0,0,0,0,0,0,0,0
Mugu,Chitawan,43,11,0,6,6,0,6,6,0,6,6,0,6,6,0,6,6
Mugu,Dadeldhura,43,12,1,1,0,1,1,0,1,1,0,1,1,0,1,1,0
Mugu,Dailekh,43,13,5,10,5,5,10,5,5,10,5,5,10,5,5,10,5
Mugu,Dang,43,14,7,6,-1,7,6,-1,7,6,-1,7,6,-1,7,6,-1
Mugu,Darchula,43,15,0,0,0,0,0,0,0,0,0,0,0,0,0,0,0
Mugu,Dhading,43,16,0,3,3,0,3,3,0,3,3,0,3,3,0,3,3
Mugu,Dhankuta,43,17,0,1,1,0,1,1,0,1,1,0,1,1,0,1,1
Mugu,Dhanusha,43,18,0,0,0,0,0,0,0,0,0,0,0,0,0,0,0
Mugu,Dolakha,43,19,1,0,-1,1,0,-1,1,0,-1,1,0,-1,1,0,-1
Mugu,Dolpa,43,20,0,1,1,0,1,1,0,1,1,0,1,1,0,1,1
Mugu,Doti,43,21,1,0,-1,1,0,-1,1,0,-1,1,0,-1,1,0,-1
Mugu,Gorkha,43,22,2,0,-2,2,0,-2,2,0,-2,2,0,-2,2,0,-2
Mugu,Gulmi,43,23,2,0,-2,2,0,-2,2,0,-2,2,0,-2,2,0,-2
Mugu,Humla,43,24,0,3,3,0,3,3,0,3,3,0,3,3,0,3,3
Mugu,Ilam,43,25,0,0,0,0,0,0,0,0,0,0,0,0,0,0,0
Mugu,Jajarkot,43,26,0,2,2,0,2,2,0,2,2,0,2,2,0,2,2
Mugu,Jhapa,43,27,0,2,2,0,2,2,0,2,2,0,2,2,0,2,2
Mugu,Jumla,43,28,6,10,4,6,10,4,6,10,4,6,10,4,6,10,4
Mugu,Kabhrepalanchok,43,29,0,3,3,0,3,3,0,3,3,0,3,3,0,3,3
Mugu,Kailali,43,30,3,13,10,3,13,10,3,13,10,3,13,10,3,13,10
Mugu,Kalikot,43,31,0,3,3,0,3,3,0,3,3,0,3,3,0,3,3
Mugu,Kanchanpur,43,32,1,2,1,1,2,1,1,2,1,1,2,1,1,2,1
Mugu,Kapilbastu,43,33,0,0,0,0,0,0,0,0,0,0,0,0,0,0,0
Mugu,Kaski,43,34,2,0,-2,2,0,-2,2,0,-2,2,0,-2,2,0,-2
Mugu,Kathmandu,43,35,16,57,41,16,57,41,16,57,41,16,57,41,16,57,41
Mugu,Khotang,43,36,0,0,0,0,0,0,0,0,0,0,0,0,0,0,0
Mugu,Lalitpur,43,37,0,0,0,0,0,0,0,0,0,0,0,0,0,0,0
Mugu,Lamjung,43,38,0,0,0,0,0,0,0,0,0,0,0,0,0,0,0
Mugu,Mahottari,43,39,1,1,0,1,1,0,1,1,0,1,1,0,1,1,0
Mugu,Makawanpur,43,40,0,4,4,0,4,4,0,4,4,0,4,4,0,4,4
Mugu,Manang,43,41,0,0,0,0,0,0,0,0,0,0,0,0,0,0,0
Mugu,Morang,43,42,1,2,1,1,2,1,1,2,1,1,2,1,1,2,1
Mugu,Mugu,43,43,0,0,0,0,0,0,0,0,0,0,0,0,0,0,0
Mugu,Mustang,43,44,0,0,0,0,0,0,0,0,0,0,0,0,0,0,0
Mugu,Myagdi,43,45,0,0,0,0,0,0,0,0,0,0,0,0,0,0,0
Mugu,Nawalparasi,43,46,1,0,-1,1,0,-1,1,0,-1,1,0,-1,1,0,-1
Mugu,Nuwakot,43,47,0,0,0,0,0,0,0,0,0,0,0,0,0,0,0
Mugu,Okhaldhunga,43,48,0,0,0,0,0,0,0,0,0,0,0,0,0,0,0
Mugu,Palpa,43,49,0,1,1,0,1,1,0,1,1,0,1,1,0,1,1
Mugu,Panchthar,43,50,1,0,-1,1,0,-1,1,0,-1,1,0,-1,1,0,-1
Mugu,Parbat,43,51,0,0,0,0,0,0,0,0,0,0,0,0,0,0,0
Mugu,Parsa,43,52,0,1,1,0,1,1,0,1,1,0,1,1,0,1,1
Mugu,Pyuthan,43,53,1,1,0,1,1,0,1,1,0,1,1,0,1,1,0
Mugu,Ramechhap,43,54,0,0,0,0,0,0,0,0,0,0,0,0,0,0,0
Mugu,Rasuwa,43,55,0,0,0,0,0,0,0,0,0,0,0,0,0,0,0
Mugu,Rautahat,43,56,0,1,1,0,1,1,0,1,1,0,1,1,0,1,1
Mugu,Rolpa,43,57,0,0,0,0,0,0,0,0,0,0,0,0,0,0,0
Mugu,Rukum,43,58,0,2,2,0,2,2,0,2,2,0,2,2,0,2,2
Mugu,Rupandehi,43,59,3,3,0,3,3,0,3,3,0,3,3,0,3,3,0
Mugu,Salyan,43,60,0,7,7,0,7,7,0,7,7,0,7,7,0,7,7
Mugu,Sankhuwasabha,43,61,0,0,0,0,0,0,0,0,0,0,0,0,0,0,0
Mugu,Saptari,43,62,2,2,0,2,2,0,2,2,0,2,2,0,2,2,0
Mugu,Sarlahi,43,63,0,0,0,0,0,0,0,0,0,0,0,0,0,0,0
Mugu,Sindhuli,43,64,0,1,1,0,1,1,0,1,1,0,1,1,0,1,1
Mugu,Sindhupalchok,43,65,0,0,0,0,0,0,0,0,0,0,0,0,0,0,0
Mugu,Siraha,43,66,0,2,2,0,2,2,0,2,2,0,2,2,0,2,2
Mugu,Solukhumbu,43,67,0,0,0,0,0,0,0,0,0,0,0,0,0,0,0
Mugu,Sunsari,43,68,0,0,0,0,0,0,0,0,0,0,0,0,0,0,0
Mugu,Surkhet,43,69,10,29,19,10,29,19,10,29,19,10,29,19,10,29,19
Mugu,Syangja,43,70,0,1,1,0,1,1,0,1,1,0,1,1,0,1,1
Mugu,Tanahu,43,71,0,0,0,0,0,0,0,0,0,0,0,0,0,0,0
Mugu,Taplejung,43,72,0,0,0,0,0,0,0,0,0,0,0,0,0,0,0
Mugu,Terhathum,43,73,0,0,0,0,0,0,0,0,0,0,0,0,0,0,0
Mugu,Udayapur,43,74,0,0,0,0,0,0,0,0,0,0,0,0,0,0,0
Mustang,Achham,44,0,1,0,-1,1,0,-1,1,0,-1,1,0,-1,1,0,-1
Mustang,Arghakhanchi,44,1,3,2,-1,3,2,-1,3,2,-1,3,2,-1,3,2,-1
Mustang,Baglung,44,2,12,28,16,12,28,16,12,28,16,12,28,16,12,28,16
Mustang,Baitadi,44,3,0,0,0,0,0,0,0,0,0,0,0,0,0,0,0
Mustang,Bajhang,44,4,0,0,0,0,0,0,0,0,0,0,0,0,0,0,0
Mustang,Bajura,44,5,0,0,0,0,0,0,0,0,0,0,0,0,0,0,0
Mustang,Banke,44,6,9,4,-5,9,4,-5,9,4,-5,9,4,-5,9,4,-5
Mustang,Bara,44,7,4,6,2,4,6,2,4,6,2,4,6,2,4,6,2
Mustang,Bardiya,44,8,0,8,8,0,8,8,0,8,8,0,8,8,0,8,8
Mustang,Bhaktapur,44,9,0,0,0,0,0,0,0,0,0,0,0,0,0,0,0
Mustang,Bhojpur,44,10,0,1,1,0,1,1,0,1,1,0,1,1,0,1,1
Mustang,Chitawan,44,11,15,16,1,15,16,1,15,16,1,15,16,1,15,16,1
Mustang,Dadeldhura,44,12,2,1,-1,2,1,-1,2,1,-1,2,1,-1,2,1,-1
Mustang,Dailekh,44,13,1,0,-1,1,0,-1,1,0,-1,1,0,-1,1,0,-1
Mustang,Dang,44,14,8,10,2,8,10,2,8,10,2,8,10,2,8,10,2
Mustang,Darchula,44,15,0,0,0,0,0,0,0,0,0,0,0,0,0,0,0
Mustang,Dhading,44,16,8,3,-5,8,3,-5,8,3,-5,8,3,-5,8,3,-5
Mustang,Dhankuta,44,17,2,2,0,2,2,0,2,2,0,2,2,0,2,2,0
Mustang,Dhanusha,44,18,2,5,3,2,5,3,2,5,3,2,5,3,2,5,3
Mustang,Dolakha,44,19,2,4,2,2,4,2,2,4,2,2,4,2,2,4,2
Mustang,Dolpa,44,20,0,0,0,0,0,0,0,0,0,0,0,0,0,0,0
Mustang,Doti,44,21,0,1,1,0,1,1,0,1,1,0,1,1,0,1,1
Mustang,Gorkha,44,22,13,27,14,13,27,14,13,27,14,13,27,14,13,27,14
Mustang,Gulmi,44,23,1,5,4,1,5,4,1,5,4,1,5,4,1,5,4
Mustang,Humla,44,24,0,0,0,0,0,0,0,0,0,0,0,0,0,0,0
Mustang,Ilam,44,25,2,1,-1,2,1,-1,2,1,-1,2,1,-1,2,1,-1
Mustang,Jajarkot,44,26,0,0,0,0,0,0,0,0,0,0,0,0,0,0,0
Mustang,Jhapa,44,27,6,8,2,6,8,2,6,8,2,6,8,2,6,8,2
Mustang,Jumla,44,28,0,0,0,0,0,0,0,0,0,0,0,0,0,0,0
Mustang,Kabhrepalanchok,44,29,2,20,18,2,20,18,2,20,18,2,20,18,2,20,18
Mustang,Kailali,44,30,8,7,-1,8,7,-1,8,7,-1,8,7,-1,8,7,-1
Mustang,Kalikot,44,31,0,0,0,0,0,0,0,0,0,0,0,0,0,0,0
Mustang,Kanchanpur,44,32,4,5,1,4,5,1,4,5,1,4,5,1,4,5,1
Mustang,Kapilbastu,44,33,6,5,-1,6,5,-1,6,5,-1,6,5,-1,6,5,-1
Mustang,Kaski,44,34,148,231,83,148,231,83,148,231,83,148,231,83,148,231,83
Mustang,Kathmandu,44,35,142,205,63,142,205,63,142,205,63,142,205,63,142,205,63
Mustang,Khotang,44,36,1,1,0,1,1,0,1,1,0,1,1,0,1,1,0
Mustang,Lalitpur,44,37,0,0,0,0,0,0,0,0,0,0,0,0,0,0,0
Mustang,Lamjung,44,38,10,7,-3,10,7,-3,10,7,-3,10,7,-3,10,7,-3
Mustang,Mahottari,44,39,0,2,2,0,2,2,0,2,2,0,2,2,0,2,2
Mustang,Makawanpur,44,40,7,19,12,7,19,12,7,19,12,7,19,12,7,19,12
Mustang,Manang,44,41,0,0,0,0,0,0,0,0,0,0,0,0,0,0,0
Mustang,Morang,44,42,7,6,-1,7,6,-1,7,6,-1,7,6,-1,7,6,-1
Mustang,Mugu,44,43,0,0,0,0,0,0,0,0,0,0,0,0,0,0,0
Mustang,Mustang,44,44,0,0,0,0,0,0,0,0,0,0,0,0,0,0,0
Mustang,Myagdi,44,45,15,26,11,15,26,11,15,26,11,15,26,11,15,26,11
Mustang,Nawalparasi,44,46,12,18,6,12,18,6,12,18,6,12,18,6,12,18,6
Mustang,Nuwakot,44,47,2,9,7,2,9,7,2,9,7,2,9,7,2,9,7
Mustang,Okhaldhunga,44,48,0,1,1,0,1,1,0,1,1,0,1,1,0,1,1
Mustang,Palpa,44,49,6,5,-1,6,5,-1,6,5,-1,6,5,-1,6,5,-1
Mustang,Panchthar,44,50,0,3,3,0,3,3,0,3,3,0,3,3,0,3,3
Mustang,Parbat,44,51,19,23,4,19,23,4,19,23,4,19,23,4,19,23,4
Mustang,Parsa,44,52,4,9,5,4,9,5,4,9,5,4,9,5,4,9,5
Mustang,Pyuthan,44,53,0,1,1,0,1,1,0,1,1,0,1,1,0,1,1
Mustang,Ramechhap,44,54,1,3,2,1,3,2,1,3,2,1,3,2,1,3,2
Mustang,Rasuwa,44,55,0,1,1,0,1,1,0,1,1,0,1,1,0,1,1
Mustang,Rautahat,44,56,3,2,-1,3,2,-1,3,2,-1,3,2,-1,3,2,-1
Mustang,Rolpa,44,57,3,4,1,3,4,1,3,4,1,3,4,1,3,4,1
Mustang,Rukum,44,58,0,1,1,0,1,1,0,1,1,0,1,1,0,1,1
Mustang,Rupandehi,44,59,26,35,9,26,35,9,26,35,9,26,35,9,26,35,9
Mustang,Salyan,44,60,0,0,0,0,0,0,0,0,0,0,0,0,0,0,0
Mustang,Sankhuwasabha,44,61,2,0,-2,2,0,-2,2,0,-2,2,0,-2,2,0,-2
Mustang,Saptari,44,62,3,1,-2,3,1,-2,3,1,-2,3,1,-2,3,1,-2
Mustang,Sarlahi,44,63,3,8,5,3,8,5,3,8,5,3,8,5,3,8,5
Mustang,Sindhuli,44,64,3,3,0,3,3,0,3,3,0,3,3,0,3,3,0
Mustang,Sindhupalchok,44,65,2,4,2,2,4,2,2,4,2,2,4,2,2,4,2
Mustang,Siraha,44,66,3,7,4,3,7,4,3,7,4,3,7,4,3,7,4
Mustang,Solukhumbu,44,67,1,5,4,1,5,4,1,5,4,1,5,4,1,5,4
Mustang,Sunsari,44,68,10,10,0,10,10,0,10,10,0,10,10,0,10,10,0
Mustang,Surkhet,44,69,5,6,1,5,6,1,5,6,1,5,6,1,5,6,1
Mustang,Syangja,44,70,13,25,12,13,25,12,13,25,12,13,25,12,13,25,12
Mustang,Tanahu,44,71,35,29,-6,35,29,-6,35,29,-6,35,29,-6,35,29,-6
Mustang,Taplejung,44,72,2,0,-2,2,0,-2,2,0,-2,2,0,-2,2,0,-2
Mustang,Terhathum,44,73,0,0,0,0,0,0,0,0,0,0,0,0,0,0,0
Mustang,Udayapur,44,74,2,1,-1,2,1,-1,2,1,-1,2,1,-1,2,1,-1
Myagdi,Achham,45,0,0,1,1,0,1,1,0,1,1,0,1,1,0,1,1
Myagdi,Arghakhanchi,45,1,5,13,8,5,13,8,5,13,8,5,13,8,5,13,8
Myagdi,Baglung,45,2,574,841,267,552,796,244,280,415,135,181,269,88,106,152,46
Myagdi,Baitadi,45,3,0,2,2,0,2,2,0,2,2,0,2,2,0,2,2
Myagdi,Bajhang,45,4,0,0,0,0,0,0,0,0,0,0,0,0,0,0,0
Myagdi,Bajura,45,5,0,0,0,0,0,0,0,0,0,0,0,0,0,0,0
Myagdi,Banke,45,6,19,37,18,19,37,18,19,37,18,19,37,18,19,37,18
Myagdi,Bara,45,7,33,46,13,33,46,13,33,46,13,33,46,13,33,46,13
Myagdi,Bardiya,45,8,26,39,13,26,39,13,26,39,13,26,39,13,26,39,13
Myagdi,Bhaktapur,45,9,0,0,0,0,0,0,0,0,0,0,0,0,0,0,0
Myagdi,Bhojpur,45,10,1,1,0,1,1,0,1,1,0,1,1,0,1,1,0
Myagdi,Chitawan,45,11,147,229,82,147,229,82,147,229,82,147,229,82,147,229,82
Myagdi,Dadeldhura,45,12,1,2,1,1,2,1,1,2,1,1,2,1,1,2,1
Myagdi,Dailekh,45,13,1,3,2,1,3,2,1,3,2,1,3,2,1,3,2
Myagdi,Dang,45,14,27,38,11,27,38,11,27,38,11,27,38,11,27,38,11
Myagdi,Darchula,45,15,1,0,-1,1,0,-1,1,0,-1,1,0,-1,1,0,-1
Myagdi,Dhading,45,16,24,38,14,24,38,14,24,38,14,24,38,14,24,38,14
Myagdi,Dhankuta,45,17,2,10,8,2,10,8,2,10,8,2,10,8,2,10,8
Myagdi,Dhanusha,45,18,6,9,3,6,9,3,6,9,3,6,9,3,6,9,3
Myagdi,Dolakha,45,19,3,0,-3,3,0,-3,3,0,-3,3,0,-3,3,0,-3
Myagdi,Dolpa,45,20,0,0,0,0,0,0,0,0,0,0,0,0,0,0,0
Myagdi,Doti,45,21,2,6,4,2,6,4,2,6,4,2,6,4,2,6,4
Myagdi,Gorkha,45,22,35,96,61,35,96,61,35,96,61,35,96,61,35,96,61
Myagdi,Gulmi,45,23,10,29,19,10,29,19,10,29,19,10,29,19,10,29,19
Myagdi,Humla,45,24,0,0,0,0,0,0,0,0,0,0,0,0,0,0,0
Myagdi,Ilam,45,25,6,10,4,6,10,4,6,10,4,6,10,4,6,10,4
Myagdi,Jajarkot,45,26,1,1,0,1,1,0,1,1,0,1,1,0,1,1,0
Myagdi,Jhapa,45,27,16,45,29,16,45,29,16,45,29,16,45,29,16,45,29
Myagdi,Jumla,45,28,0,0,0,0,0,0,0,0,0,0,0,0,0,0,0
Myagdi,Kabhrepalanchok,45,29,6,27,21,6,27,21,6,27,21,6,27,21,6,27,21
Myagdi,Kailali,45,30,6,18,12,6,18,12,6,18,12,6,18,12,6,18,12
Myagdi,Kalikot,45,31,0,0,0,0,0,0,0,0,0,0,0,0,0,0,0
Myagdi,Kanchanpur,45,32,6,17,11,6,17,11,6,17,11,6,17,11,6,17,11
Myagdi,Kapilbastu,45,33,11,33,22,11,33,22,11,33,22,11,33,22,11,33,22
Myagdi,Kaski,45,34,1149,1510,361,1149,1510,361,1149,1510,361,1149,1510,361,1149,1510,361
Myagdi,Kathmandu,45,35,548,530,-18,548,530,-18,548,530,-18,548,530,-18,548,530,-18
Myagdi,Khotang,45,36,3,3,0,3,3,0,3,3,0,3,3,0,3,3,0
Myagdi,Lalitpur,45,37,0,0,0,0,0,0,0,0,0,0,0,0,0,0,0
Myagdi,Lamjung,45,38,17,23,6,17,23,6,17,23,6,17,23,6,17,23,6
Myagdi,Mahottari,45,39,9,6,-3,9,6,-3,9,6,-3,9,6,-3,9,6,-3
Myagdi,Makawanpur,45,40,15,36,21,15,36,21,15,36,21,15,36,21,15,36,21
Myagdi,Manang,45,41,3,1,-2,3,1,-2,3,1,-2,3,1,-2,3,1,-2
Myagdi,Morang,45,42,19,43,24,19,43,24,19,43,24,19,43,24,19,43,24
Myagdi,Mugu,45,43,0,0,0,0,0,0,0,0,0,0,0,0,0,0,0
Myagdi,Mustang,45,44,20,23,3,20,23,3,20,23,3,20,23,3,20,23,3
Myagdi,Myagdi,45,45,0,0,0,0,0,0,0,0,0,0,0,0,0,0,0
Myagdi,Nawalparasi,45,46,109,136,27,109,136,27,109,136,27,109,136,27,109,136,27
Myagdi,Nuwakot,45,47,4,18,14,4,18,14,4,18,14,4,18,14,4,18,14
Myagdi,Okhaldhunga,45,48,1,4,3,1,4,3,1,4,3,1,4,3,1,4,3
Myagdi,Palpa,45,49,10,19,9,10,19,9,10,19,9,10,19,9,10,19,9
Myagdi,Panchthar,45,50,2,6,4,2,6,4,2,6,4,2,6,4,2,6,4
Myagdi,Parbat,45,51,987,1510,523,914,1401,487,501,836,335,343,588,245,228,396,168
Myagdi,Parsa,45,52,29,57,28,29,57,28,29,57,28,29,57,28,29,57,28
Myagdi,Pyuthan,45,53,7,6,-1,7,6,-1,7,6,-1,7,6,-1,7,6,-1
Myagdi,Ramechhap,45,54,1,1,0,1,1,0,1,1,0,1,1,0,1,1,0
Myagdi,Rasuwa,45,55,1,3,2,1,3,2,1,3,2,1,3,2,1,3,2
Myagdi,Rautahat,45,56,11,21,10,11,21,10,11,21,10,11,21,10,11,21,10
Myagdi,Rolpa,45,57,6,10,4,6,10,4,6,10,4,6,10,4,6,10,4
Myagdi,Rukum,45,58,1,4,3,1,4,3,1,4,3,1,4,3,1,4,3
Myagdi,Rupandehi,45,59,162,271,109,162,271,109,162,271,109,162,271,109,162,271,109
Myagdi,Salyan,45,60,11,11,0,11,11,0,11,11,0,11,11,0,11,11,0
Myagdi,Sankhuwasabha,45,61,1,0,-1,1,0,-1,1,0,-1,1,0,-1,1,0,-1
Myagdi,Saptari,45,62,4,10,6,4,10,6,4,10,6,4,10,6,4,10,6
Myagdi,Sarlahi,45,63,9,25,16,9,25,16,9,25,16,9,25,16,9,25,16
Myagdi,Sindhuli,45,64,9,18,9,9,18,9,9,18,9,9,18,9,9,18,9
Myagdi,Sindhupalchok,45,65,6,10,4,6,10,4,6,10,4,6,10,4,6,10,4
Myagdi,Siraha,45,66,7,9,2,7,9,2,7,9,2,7,9,2,7,9,2
Myagdi,Solukhumbu,45,67,5,2,-3,5,2,-3,5,2,-3,5,2,-3,5,2,-3
Myagdi,Sunsari,45,68,19,12,-7,19,12,-7,19,12,-7,19,12,-7,19,12,-7
Myagdi,Surkhet,45,69,6,7,1,6,7,1,6,7,1,6,7,1,6,7,1
Myagdi,Syangja,45,70,41,81,40,41,81,40,41,81,40,41,81,40,41,81,40
Myagdi,Tanahu,45,71,87,140,53,87,140,53,87,140,53,87,140,53,87,140,53
Myagdi,Taplejung,45,72,0,0,0,0,0,0,0,0,0,0,0,0,0,0,0
Myagdi,Terhathum,45,73,3,3,0,3,3,0,3,3,0,3,3,0,3,3,0
Myagdi,Udayapur,45,74,9,19,10,9,19,10,9,19,10,9,19,10,9,19,10
Nawalparasi,Achham,46,0,20,21,1,20,21,1,20,21,1,20,21,1,20,21,1
Nawalparasi,Arghakhanchi,46,1,208,328,120,208,328,120,208,328,120,208,328,120,208,328,120
Nawalparasi,Baglung,46,2,284,613,329,284,613,329,284,613,329,284,613,329,284,613,329
Nawalparasi,Baitadi,46,3,6,17,11,6,17,11,6,17,11,6,17,11,6,17,11
Nawalparasi,Bajhang,46,4,2,2,0,2,2,0,2,2,0,2,2,0,2,2,0
Nawalparasi,Bajura,46,5,0,3,3,0,3,3,0,3,3,0,3,3,0,3,3
Nawalparasi,Banke,46,6,286,437,151,286,437,151,286,437,151,286,437,151,286,437,151
Nawalparasi,Bara,46,7,862,1307,445,862,1307,445,862,1307,445,862,1307,445,862,1307,445
Nawalparasi,Bardiya,46,8,242,371,129,242,371,129,242,371,129,242,371,129,242,371,129
Nawalparasi,Bhaktapur,46,9,0,0,0,0,0,0,0,0,0,0,0,0,0,0,0
Nawalparasi,Bhojpur,46,10,18,26,8,18,26,8,18,26,8,18,26,8,18,26,8
Nawalparasi,Chitawan,46,11,8635,10942,2307,8635,10942,2307,8141,10292,2151,5795,7450,1655,4615,5898,1283
Nawalparasi,Dadeldhura,46,12,15,19,4,15,19,4,15,19,4,15,19,4,15,19,4
Nawalparasi,Dailekh,46,13,35,53,18,35,53,18,35,53,18,35,53,18,35,53,18
Nawalparasi,Dang,46,14,506,628,122,506,628,122,506,628,122,506,628,122,506,628,122
Nawalparasi,Darchula,46,15,10,18,8,10,18,8,10,18,8,10,18,8,10,18,8
Nawalparasi,Dhading,46,16,314,436,122,314,436,122,314,436,122,314,436,122,314,436,122
Nawalparasi,Dhankuta,46,17,32,54,22,32,54,22,32,54,22,32,54,22,32,54,22
Nawalparasi,Dhanusha,46,18,132,169,37,132,169,37,132,169,37,132,169,37,132,169,37
Nawalparasi,Dolakha,46,19,27,7,-20,27,7,-20,27,7,-20,27,7,-20,27,7,-20
Nawalparasi,Dolpa,46,20,4,6,2,4,6,2,4,6,2,4,6,2,4,6,2
Nawalparasi,Doti,46,21,20,33,13,20,33,13,20,33,13,20,33,13,20,33,13
Nawalparasi,Gorkha,46,22,515,1107,592,515,1107,592,515,1107,592,515,1107,592,515,1107,592
Nawalparasi,Gulmi,46,23,340,615,275,340,615,275,340,615,275,340,615,275,340,615,275
Nawalparasi,Humla,46,24,2,3,1,2,3,1,2,3,1,2,3,1,2,3,1
Nawalparasi,Ilam,46,25,48,85,37,48,85,37,48,85,37,48,85,37,48,85,37
Nawalparasi,Jajarkot,46,26,9,10,1,9,10,1,9,10,1,9,10,1,9,10,1
Nawalparasi,Jhapa,46,27,226,311,85,226,311,85,226,311,85,226,311,85,226,311,85
Nawalparasi,Jumla,46,28,0,6,6,0,6,6,0,6,6,0,6,6,0,6,6
Nawalparasi,Kabhrepalanchok,46,29,120,194,74,120,194,74,120,194,74,120,194,74,120,194,74
Nawalparasi,Kailali,46,30,224,352,128,224,352,128,224,352,128,224,352,128,224,352,128
Nawalparasi,Kalikot,46,31,5,5,0,5,5,0,5,5,0,5,5,0,5,5,0
Nawalparasi,Kanchanpur,46,32,153,211,58,153,211,58,153,211,58,153,211,58,153,211,58
Nawalparasi,Kapilbastu,46,33,832,1205,373,832,1205,373,832,1205,373,832,1205,373,832,1205,373
Nawalparasi,Kaski,46,34,1796,2181,385,1796,2181,385,1796,2181,385,1796,2181,385,1796,2181,385
Nawalparasi,Kathmandu,46,35,5174,4130,-1044,5174,4130,-1044,5174,4130,-1044,5174,4130,-1044,5174,4130,-1044
Nawalparasi,Khotang,46,36,27,33,6,27,33,6,27,33,6,27,33,6,27,33,6
Nawalparasi,Lalitpur,46,37,0,0,0,0,0,0,0,0,0,0,0,0,0,0,0
Nawalparasi,Lamjung,46,38,251,353,102,251,353,102,251,353,102,251,353,102,251,353,102
Nawalparasi,Mahottari,46,39,84,100,16,84,100,16,84,100,16,84,100,16,84,100,16
Nawalparasi,Makawanpur,46,40,516,688,172,516,688,172,516,688,172,516,688,172,516,688,172
Nawalparasi,Manang,46,41,3,4,1,3,4,1,3,4,1,3,4,1,3,4,1
Nawalparasi,Morang,46,42,227,308,81,227,308,81,227,308,81,227,308,81,227,308,81
Nawalparasi,Mugu,46,43,0,2,2,0,2,2,0,2,2,0,2,2,0,2,2
Nawalparasi,Mustang,46,44,6,13,7,6,13,7,6,13,7,6,13,7,6,13,7
Nawalparasi,Myagdi,46,45,82,177,95,82,177,95,82,177,95,82,177,95,82,177,95
Nawalparasi,Nawalparasi,46,46,0,0,0,0,0,0,0,0,0,0,0,0,0,0,0
Nawalparasi,Nuwakot,46,47,81,130,49,81,130,49,81,130,49,81,130,49,81,130,49
Nawalparasi,Okhaldhunga,46,48,8,9,1,8,9,1,8,9,1,8,9,1,8,9,1
Nawalparasi,Palpa,46,49,1004,1317,313,1004,1317,313,1004,1317,313,873,1172,299,839,1142,303
Nawalparasi,Panchthar,46,50,33,45,12,33,45,12,33,45,12,33,45,12,33,45,12
Nawalparasi,Parbat,46,51,196,370,174,196,370,174,196,370,174,196,370,174,196,370,174
Nawalparasi,Parsa,46,52,665,1008,343,665,1008,343,665,1008,343,665,1008,343,665,1008,343
Nawalparasi,Pyuthan,46,53,89,123,34,89,123,34,89,123,34,89,123,34,89,123,34
Nawalparasi,Ramechhap,46,54,11,14,3,11,14,3,11,14,3,11,14,3,11,14,3
Nawalparasi,Rasuwa,46,55,14,7,-7,14,7,-7,14,7,-7,14,7,-7,14,7,-7
Nawalparasi,Rautahat,46,56,323,503,180,323,503,180,323,503,180,323,503,180,323,503,180
Nawalparasi,Rolpa,46,57,38,47,9,38,47,9,38,47,9,38,47,9,38,47,9
Nawalparasi,Rukum,46,58,21,34,13,21,34,13,21,34,13,21,34,13,21,34,13
Nawalparasi,Rupandehi,46,59,10688,13445,2757,10598,13337,2739,9637,12290,2653,8585,11063,2478,7446,9614,2168
Nawalparasi,Salyan,46,60,62,52,-10,62,52,-10,62,52,-10,62,52,-10,62,52,-10
Nawalparasi,Sankhuwasabha,46,61,21,24,3,21,24,3,21,24,3,21,24,3,21,24,3
Nawalparasi,Saptari,46,62,87,151,64,87,151,64,87,151,64,87,151,64,87,151,64
Nawalparasi,Sarlahi,46,63,260,381,121,260,381,121,260,381,121,260,381,121,260,381,121
Nawalparasi,Sindhuli,46,64,73,115,42,73,115,42,73,115,42,73,115,42,73,115,42
Nawalparasi,Sindhupalchok,46,65,48,69,21,48,69,21,48,69,21,48,69,21,48,69,21
Nawalparasi,Siraha,46,66,80,100,20,80,100,20,80,100,20,80,100,20,80,100,20
Nawalparasi,Solukhumbu,46,67,11,16,5,11,16,5,11,16,5,11,16,5,11,16,5
Nawalparasi,Sunsari,46,68,214,279,65,214,279,65,214,279,65,214,279,65,214,279,65
Nawalparasi,Surkhet,46,69,98,161,63,98,161,63,98,161,63,98,161,63,98,161,63
Nawalparasi,Syangja,46,70,1384,2014,630,1384,2014,630,1384,2014,630,1384,2014,630,1384,2014,630
Nawalparasi,Tanahu,46,71,3167,4360,1193,3167,4360,1193,2736,3877,1141,2483,3559,1076,2222,3233,1011
Nawalparasi,Taplejung,46,72,6,7,1,6,7,1,6,7,1,6,7,1,6,7,1
Nawalparasi,Terhathum,46,73,8,16,8,8,16,8,8,16,8,8,16,8,8,16,8
Nawalparasi,Udayapur,46,74,62,93,31,62,93,31,62,93,31,62,93,31,62,93,31
Nuwakot,Achham,47,0,1,8,7,1,8,7,1,8,7,1,8,7,1,8,7
Nuwakot,Arghakhanchi,47,1,17,21,4,17,21,4,17,21,4,17,21,4,17,21,4
Nuwakot,Baglung,47,2,24,49,25,24,49,25,24,49,25,24,49,25,24,49,25
Nuwakot,Baitadi,47,3,4,7,3,4,7,3,4,7,3,4,7,3,4,7,3
Nuwakot,Bajhang,47,4,0,0,0,0,0,0,0,0,0,0,0,0,0,0,0
Nuwakot,Bajura,47,5,0,0,0,0,0,0,0,0,0,0,0,0,0,0,0
Nuwakot,Banke,47,6,49,109,60,49,109,60,49,109,60,49,109,60,49,109,60
Nuwakot,Bara,47,7,132,303,171,132,303,171,132,303,171,132,303,171,132,303,171
Nuwakot,Bardiya,47,8,33,84,51,33,84,51,33,84,51,33,84,51,33,84,51
Nuwakot,Bhaktapur,47,9,0,0,0,0,0,0,0,0,0,0,0,0,0,0,0
Nuwakot,Bhojpur,47,10,9,23,14,9,23,14,9,23,14,9,23,14,9,23,14
Nuwakot,Chitawan,47,11,329,775,446,329,775,446,329,775,446,329,775,446,329,775,446
Nuwakot,Dadeldhura,47,12,1,8,7,1,8,7,1,8,7,1,8,7,1,8,7
Nuwakot,Dailekh,47,13,11,24,13,11,24,13,11,24,13,11,24,13,11,24,13
Nuwakot,Dang,47,14,64,148,84,64,148,84,64,148,84,64,148,84,64,148,84
Nuwakot,Darchula,47,15,1,4,3,1,4,3,1,4,3,1,4,3,1,4,3
Nuwakot,Dhading,47,16,1687,2794,1107,1520,2533,1013,1166,1881,715,610,954,344,373,635,262
Nuwakot,Dhankuta,47,17,23,43,20,23,43,20,23,43,20,23,43,20,23,43,20
Nuwakot,Dhanusha,47,18,50,111,61,50,111,61,50,111,61,50,111,61,50,111,61
Nuwakot,Dolakha,47,19,41,20,-21,41,20,-21,41,20,-21,41,20,-21,41,20,-21
Nuwakot,Dolpa,47,20,1,0,-1,1,0,-1,1,0,-1,1,0,-1,1,0,-1
Nuwakot,Doti,47,21,7,11,4,7,11,4,7,11,4,7,11,4,7,11,4
Nuwakot,Gorkha,47,22,159,498,339,159,498,339,159,498,339,159,498,339,159,498,339
Nuwakot,Gulmi,47,23,14,18,4,14,18,4,14,18,4,14,18,4,14,18,4
Nuwakot,Humla,47,24,0,0,0,0,0,0,0,0,0,0,0,0,0,0,0
Nuwakot,Ilam,47,25,30,68,38,30,68,38,30,68,38,30,68,38,30,68,38
Nuwakot,Jajarkot,47,26,0,1,1,0,1,1,0,1,1,0,1,1,0,1,1
Nuwakot,Jhapa,47,27,91,224,133,91,224,133,91,224,133,91,224,133,91,224,133
Nuwakot,Jumla,47,28,0,2,2,0,2,2,0,2,2,0,2,2,0,2,2
Nuwakot,Kabhrepalanchok,47,29,182,345,163,182,345,163,182,345,163,182,345,163,182,345,163
Nuwakot,Kailali,47,30,30,72,42,30,72,42,30,72,42,30,72,42,30,72,42
Nuwakot,Kalikot,47,31,2,2,0,2,2,0,2,2,0,2,2,0,2,2,0
Nuwakot,Kanchanpur,47,32,42,57,15,42,57,15,42,57,15,42,57,15,42,57,15
Nuwakot,Kapilbastu,47,33,22,30,8,22,30,8,22,30,8,22,30,8,22,30,8
Nuwakot,Kaski,47,34,246,471,225,246,471,225,246,471,225,246,471,225,246,471,225
Nuwakot,Kathmandu,47,35,6826,7023,197,6791,7005,214,6705,6949,244,6411,6679,268,5600,5861,261
Nuwakot,Khotang,47,36,7,45,38,7,45,38,7,45,38,7,45,38,7,45,38
Nuwakot,Lalitpur,47,37,0,0,0,0,0,0,0,0,0,0,0,0,0,0,0
Nuwakot,Lamjung,47,38,47,87,40,47,87,40,47,87,40,47,87,40,47,87,40
Nuwakot,Mahottari,47,39,43,72,29,43,72,29,43,72,29,43,72,29,43,72,29
Nuwakot,Makawanpur,47,40,392,834,442,392,834,442,392,834,442,364,828,464,271,657,386
Nuwakot,Manang,47,41,2,2,0,2,2,0,2,2,0,2,2,0,2,2,0
Nuwakot,Morang,47,42,91,177,86,91,177,86,91,177,86,91,177,86,91,177,86
Nuwakot,Mugu,47,43,0,1,1,0,1,1,0,1,1,0,1,1,0,1,1
Nuwakot,Mustang,47,44,7,7,0,7,7,0,7,7,0,7,7,0,7,7,0
Nuwakot,Myagdi,47,45,7,24,17,7,24,17,7,24,17,7,24,17,7,24,17
Nuwakot,Nawalparasi,47,46,99,206,107,99,206,107,99,206,107,99,206,107,99,206,107
Nuwakot,Nuwakot,47,47,0,0,0,0,0,0,0,0,0,0,0,0,0,0,0
Nuwakot,Okhaldhunga,47,48,9,15,6,9,15,6,9,15,6,9,15,6,9,15,6
Nuwakot,Palpa,47,49,14,39,25,14,39,25,14,39,25,14,39,25,14,39,25
Nuwakot,Panchthar,47,50,19,30,11,19,30,11,19,30,11,19,30,11,19,30,11
Nuwakot,Parbat,47,51,14,27,13,14,27,13,14,27,13,14,27,13,14,27,13
Nuwakot,Parsa,47,52,93,171,78,93,171,78,93,171,78,93,171,78,93,171,78
Nuwakot,Pyuthan,47,53,10,30,20,10,30,20,10,30,20,10,30,20,10,30,20
Nuwakot,Ramechhap,47,54,10,22,12,10,22,12,10,22,12,10,22,12,10,22,12
Nuwakot,Rasuwa,47,55,475,254,-221,470,232,-238,456,232,-224,211,96,-115,174,74,-100
Nuwakot,Rautahat,47,56,72,152,80,72,152,80,72,152,80,72,152,80,72,152,80
Nuwakot,Rolpa,47,57,9,19,10,9,19,10,9,19,10,9,19,10,9,19,10
Nuwakot,Rukum,47,58,6,7,1,6,7,1,6,7,1,6,7,1,6,7,1
Nuwakot,Rupandehi,47,59,85,189,104,85,189,104,85,189,104,85,189,104,85,189,104
Nuwakot,Salyan,47,60,8,19,11,8,19,11,8,19,11,8,19,11,8,19,11
Nuwakot,Sankhuwasabha,47,61,14,36,22,14,36,22,14,36,22,14,36,22,14,36,22
Nuwakot,Saptari,47,62,40,84,44,40,84,44,40,84,44,40,84,44,40,84,44
Nuwakot,Sarlahi,47,63,110,205,95,110,205,95,110,205,95,110,205,95,110,205,95
Nuwakot,Sindhuli,47,64,42,116,74,42,116,74,42,116,74,42,116,74,42,116,74
Nuwakot,Sindhupalchok,47,65,141,132,-9,141,132,-9,141,132,-9,141,132,-9,132,132,0
Nuwakot,Siraha,47,66,31,64,33,31,64,33,31,64,33,31,64,33,31,64,33
Nuwakot,Solukhumbu,47,67,11,26,15,11,26,15,11,26,15,11,26,15,11,26,15
Nuwakot,Sunsari,47,68,85,180,95,85,180,95,85,180,95,85,180,95,85,180,95
Nuwakot,Surkhet,47,69,21,39,18,21,39,18,21,39,18,21,39,18,21,39,18
Nuwakot,Syangja,47,70,25,82,57,25,82,57,25,82,57,25,82,57,25,82,57
Nuwakot,Tanahu,47,71,103,219,116,103,219,116,103,219,116,103,219,116,103,219,116
Nuwakot,Taplejung,47,72,2,4,2,2,4,2,2,4,2,2,4,2,2,4,2
Nuwakot,Terhathum,47,73,9,19,10,9,19,10,9,19,10,9,19,10,9,19,10
Nuwakot,Udayapur,47,74,32,78,46,32,78,46,32,78,46,32,78,46,32,78,46
Okhaldhunga,Achham,48,0,1,1,0,1,1,0,1,1,0,1,1,0,1,1,0
Okhaldhunga,Arghakhanchi,48,1,0,2,2,0,2,2,0,2,2,0,2,2,0,2,2
Okhaldhunga,Baglung,48,2,1,3,2,1,3,2,1,3,2,1,3,2,1,3,2
Okhaldhunga,Baitadi,48,3,2,0,-2,2,0,-2,2,0,-2,2,0,-2,2,0,-2
Okhaldhunga,Bajhang,48,4,0,0,0,0,0,0,0,0,0,0,0,0,0,0,0
Okhaldhunga,Bajura,48,5,0,0,0,0,0,0,0,0,0,0,0,0,0,0,0
Okhaldhunga,Banke,48,6,6,10,4,6,10,4,6,10,4,6,10,4,6,10,4
Okhaldhunga,Bara,48,7,10,14,4,10,14,4,10,14,4,10,14,4,10,14,4
Okhaldhunga,Bardiya,48,8,3,5,2,3,5,2,3,5,2,3,5,2,3,5,2
Okhaldhunga,Bhaktapur,48,9,0,0,0,0,0,0,0,0,0,0,0,0,0,0,0
Okhaldhunga,Bhojpur,48,10,4,10,6,4,10,6,4,10,6,4,10,6,4,10,6
Okhaldhunga,Chitawan,48,11,14,19,5,14,19,5,14,19,5,14,19,5,14,19,5
Okhaldhunga,Dadeldhura,48,12,1,3,2,1,3,2,1,3,2,1,3,2,1,3,2
Okhaldhunga,Dailekh,48,13,2,2,0,2,2,0,2,2,0,2,2,0,2,2,0
Okhaldhunga,Dang,48,14,2,4,2,2,4,2,2,4,2,2,4,2,2,4,2
Okhaldhunga,Darchula,48,15,0,1,1,0,1,1,0,1,1,0,1,1,0,1,1
Okhaldhunga,Dhading,48,16,6,4,-2,6,4,-2,6,4,-2,6,4,-2,6,4,-2
Okhaldhunga,Dhankuta,48,17,8,22,14,8,22,14,8,22,14,8,22,14,8,22,14
Okhaldhunga,Dhanusha,48,18,21,43,22,21,43,22,21,43,22,21,43,22,21,43,22
Okhaldhunga,Dolakha,48,19,4,6,2,4,6,2,4,6,2,4,6,2,4,6,2
Okhaldhunga,Dolpa,48,20,0,0,0,0,0,0,0,0,0,0,0,0,0,0,0
Okhaldhunga,Doti,48,21,0,1,1,0,1,1,0,1,1,0,1,1,0,1,1
Okhaldhunga,Gorkha,48,22,3,9,6,3,9,6,3,9,6,3,9,6,3,9,6
Okhaldhunga,Gulmi,48,23,1,5,4,1,5,4,1,5,4,1,5,4,1,5,4
Okhaldhunga,Humla,48,24,0,0,0,0,0,0,0,0,0,0,0,0,0,0,0
Okhaldhunga,Ilam,48,25,12,11,-1,12,11,-1,12,11,-1,12,11,-1,12,11,-1
Okhaldhunga,Jajarkot,48,26,0,0,0,0,0,0,0,0,0,0,0,0,0,0,0
Okhaldhunga,Jhapa,48,27,35,94,59,35,94,59,35,94,59,35,94,59,35,94,59
Okhaldhunga,Jumla,48,28,0,0,0,0,0,0,0,0,0,0,0,0,0,0,0
Okhaldhunga,Kabhrepalanchok,48,29,16,25,9,16,25,9,16,25,9,16,25,9,16,25,9
Okhaldhunga,Kailali,48,30,4,11,7,4,11,7,4,11,7,4,11,7,4,11,7
Okhaldhunga,Kalikot,48,31,0,0,0,0,0,0,0,0,0,0,0,0,0,0,0
Okhaldhunga,Kanchanpur,48,32,9,12,3,9,12,3,9,12,3,9,12,3,9,12,3
Okhaldhunga,Kapilbastu,48,33,3,2,-1,3,2,-1,3,2,-1,3,2,-1,3,2,-1
Okhaldhunga,Kaski,48,34,34,59,25,34,59,25,34,59,25,34,59,25,34,59,25
Okhaldhunga,Kathmandu,48,35,501,741,240,501,741,240,501,741,240,501,741,240,501,741,240
Okhaldhunga,Khotang,48,36,949,1554,605,949,1554,605,949,1554,605,949,1554,605,771,1287,516
Okhaldhunga,Lalitpur,48,37,0,0,0,0,0,0,0,0,0,0,0,0,0,0,0
Okhaldhunga,Lamjung,48,38,4,6,2,4,6,2,4,6,2,4,6,2,4,6,2
Okhaldhunga,Mahottari,48,39,14,14,0,14,14,0,14,14,0,14,14,0,14,14,0
Okhaldhunga,Makawanpur,48,40,21,23,2,21,23,2,21,23,2,21,23,2,21,23,2
Okhaldhunga,Manang,48,41,0,0,0,0,0,0,0,0,0,0,0,0,0,0,0
Okhaldhunga,Morang,48,42,75,144,69,75,144,69,75,144,69,75,144,69,75,144,69
Okhaldhunga,Mugu,48,43,0,0,0,0,0,0,0,0,0,0,0,0,0,0,0
Okhaldhunga,Mustang,48,44,0,2,2,0,2,2,0,2,2,0,2,2,0,2,2
Okhaldhunga,Myagdi,48,45,2,1,-1,2,1,-1,2,1,-1,2,1,-1,2,1,-1
Okhaldhunga,Nawalparasi,48,46,3,9,6,3,9,6,3,9,6,3,9,6,3,9,6
Okhaldhunga,Nuwakot,48,47,8,6,-2,8,6,-2,8,6,-2,8,6,-2,8,6,-2
Okhaldhunga,Okhaldhunga,48,48,0,0,0,0,0,0,0,0,0,0,0,0,0,0,0
Okhaldhunga,Palpa,48,49,0,7,7,0,7,7,0,7,7,0,7,7,0,7,7
Okhaldhunga,Panchthar,48,50,4,12,8,4,12,8,4,12,8,4,12,8,4,12,8
Okhaldhunga,Parbat,48,51,1,4,3,1,4,3,1,4,3,1,4,3,1,4,3
Okhaldhunga,Parsa,48,52,9,10,1,9,10,1,9,10,1,9,10,1,9,10,1
Okhaldhunga,Pyuthan,48,53,0,2,2,0,2,2,0,2,2,0,2,2,0,2,2
Okhaldhunga,Ramechhap,48,54,7,11,4,7,11,4,7,11,4,7,11,4,7,11,4
Okhaldhunga,Rasuwa,48,55,1,0,-1,1,0,-1,1,0,-1,1,0,-1,1,0,-1
Okhaldhunga,Rautahat,48,56,5,9,4,5,9,4,5,9,4,5,9,4,5,9,4
Okhaldhunga,Rolpa,48,57,2,3,1,2,3,1,2,3,1,2,3,1,2,3,1
Okhaldhunga,Rukum,48,58,2,1,-1,2,1,-1,2,1,-1,2,1,-1,2,1,-1
Okhaldhunga,Rupandehi,48,59,7,11,4,7,11,4,7,11,4,7,11,4,7,11,4
Okhaldhunga,Salyan,48,60,0,4,4,0,4,4,0,4,4,0,4,4,0,4,4
Okhaldhunga,Sankhuwasabha,48,61,11,13,2,11,13,2,11,13,2,11,13,2,11,13,2
Okhaldhunga,Saptari,48,62,23,43,20,23,43,20,23,43,20,23,43,20,23,43,20
Okhaldhunga,Sarlahi,48,63,14,28,14,14,28,14,14,28,14,14,28,14,14,28,14
Okhaldhunga,Sindhuli,48,64,76,144,68,76,144,68,76,144,68,46,99,53,46,99,53
Okhaldhunga,Sindhupalchok,48,65,2,3,1,2,3,1,2,3,1,2,3,1,2,3,1
Okhaldhunga,Siraha,48,66,31,56,25,31,56,25,31,56,25,31,56,25,31,56,25
Okhaldhunga,Solukhumbu,48,67,312,475,163,312,475,163,312,475,163,169,222,53,82,112,30
Okhaldhunga,Sunsari,48,68,130,211,81,130,211,81,130,211,81,130,211,81,130,211,81
Okhaldhunga,Surkhet,48,69,3,6,3,3,6,3,3,6,3,3,6,3,3,6,3
Okhaldhunga,Syangja,48,70,1,6,5,1,6,5,1,6,5,1,6,5,1,6,5
Okhaldhunga,Tanahu,48,71,5,10,5,5,10,5,5,10,5,5,10,5,5,10,5
Okhaldhunga,Taplejung,48,72,1,4,3,1,4,3,1,4,3,1,4,3,1,4,3
Okhaldhunga,Terhathum,48,73,4,6,2,4,6,2,4,6,2,4,6,2,4,6,2
Okhaldhunga,Udayapur,48,74,203,242,39,203,242,39,203,242,39,203,242,39,98,157,59
Palpa,Achham,49,0,5,3,-2,5,3,-2,5,3,-2,5,3,-2,5,3,-2
Palpa,Arghakhanchi,49,1,280,443,163,280,443,163,280,443,163,210,362,152,189,327,138
Palpa,Baglung,49,2,90,145,55,90,145,55,90,145,55,90,145,55,90,145,55
Palpa,Baitadi,49,3,3,13,10,3,13,10,3,13,10,3,13,10,3,13,10
Palpa,Bajhang,49,4,0,0,0,0,0,0,0,0,0,0,0,0,0,0,0
Palpa,Bajura,49,5,0,0,0,0,0,0,0,0,0,0,0,0,0,0,0
Palpa,Banke,49,6,66,90,24,66,90,24,66,90,24,66,90,24,66,90,24
Palpa,Bara,49,7,31,62,31,31,62,31,31,62,31,31,62,31,31,62,31
Palpa,Bardiya,49,8,54,87,33,54,87,33,54,87,33,54,87,33,54,87,33
Palpa,Bhaktapur,49,9,0,0,0,0,0,0,0,0,0,0,0,0,0,0,0
Palpa,Bhojpur,49,10,1,7,6,1,7,6,1,7,6,1,7,6,1,7,6
Palpa,Chitawan,49,11,191,311,120,191,311,120,191,311,120,191,311,120,191,311,120
Palpa,Dadeldhura,49,12,3,5,2,3,5,2,3,5,2,3,5,2,3,5,2
Palpa,Dailekh,49,13,18,27,9,18,27,9,18,27,9,18,27,9,18,27,9
Palpa,Dang,49,14,156,205,49,156,205,49,156,205,49,156,205,49,156,205,49
Palpa,Darchula,49,15,2,3,1,2,3,1,2,3,1,2,3,1,2,3,1
Palpa,Dhading,49,16,38,51,13,38,51,13,38,51,13,38,51,13,38,51,13
Palpa,Dhankuta,49,17,6,18,12,6,18,12,6,18,12,6,18,12,6,18,12
Palpa,Dhanusha,49,18,17,39,22,17,39,22,17,39,22,17,39,22,17,39,22
Palpa,Dolakha,49,19,7,2,-5,7,2,-5,7,2,-5,7,2,-5,7,2,-5
Palpa,Dolpa,49,20,0,1,1,0,1,1,0,1,1,0,1,1,0,1,1
Palpa,Doti,49,21,4,8,4,4,8,4,4,8,4,4,8,4,4,8,4
Palpa,Gorkha,49,22,39,130,91,39,130,91,39,130,91,39,130,91,39,130,91
Palpa,Gulmi,49,23,748,1097,349,722,1060,338,719,1057,338,586,908,322,517,802,285
Palpa,Humla,49,24,8,10,2,8,10,2,8,10,2,8,10,2,8,10,2
Palpa,Ilam,49,25,7,23,16,7,23,16,7,23,16,7,23,16,7,23,16
Palpa,Jajarkot,49,26,3,5,2,3,5,2,3,5,2,3,5,2,3,5,2
Palpa,Jhapa,49,27,28,77,49,28,77,49,28,77,49,28,77,49,28,77,49
Palpa,Jumla,49,28,1,2,1,1,2,1,1,2,1,1,2,1,1,2,1
Palpa,Kabhrepalanchok,49,29,17,38,21,17,38,21,17,38,21,17,38,21,17,38,21
Palpa,Kailali,49,30,37,62,25,37,62,25,37,62,25,37,62,25,37,62,25
Palpa,Kalikot,49,31,0,0,0,0,0,0,0,0,0,0,0,0,0,0,0
Palpa,Kanchanpur,49,32,44,51,7,44,51,7,44,51,7,44,51,7,44,51,7
Palpa,Kapilbastu,49,33,246,475,229,246,475,229,246,475,229,246,475,229,246,475,229
Palpa,Kaski,49,34,555,834,279,555,834,279,555,834,279,555,834,279,555,834,279
Palpa,Kathmandu,49,35,930,892,-38,930,892,-38,930,892,-38,930,892,-38,930,892,-38
Palpa,Khotang,49,36,7,7,0,7,7,0,7,7,0,7,7,0,7,7,0
Palpa,Lalitpur,49,37,0,0,0,0,0,0,0,0,0,0,0,0,0,0,0
Palpa,Lamjung,49,38,13,36,23,13,36,23,13,36,23,13,36,23,13,36,23
Palpa,Mahottari,49,39,8,22,14,8,22,14,8,22,14,8,22,14,8,22,14
Palpa,Makawanpur,49,40,40,61,21,40,61,21,40,61,21,40,61,21,40,61,21
Palpa,Manang,49,41,0,0,0,0,0,0,0,0,0,0,0,0,0,0,0
Palpa,Morang,49,42,40,57,17,40,57,17,40,57,17,40,57,17,40,57,17
Palpa,Mugu,49,43,0,0,0,0,0,0,0,0,0,0,0,0,0,0,0
Palpa,Mustang,49,44,4,11,7,4,11,7,4,11,7,4,11,7,4,11,7
Palpa,Myagdi,49,45,14,8,-6,14,8,-6,14,8,-6,14,8,-6,14,8,-6
Palpa,Nawalparasi,49,46,988,1551,563,988,1551,563,988,1551,563,867,1374,507,843,1335,492
Palpa,Nuwakot,49,47,21,23,2,21,23,2,21,23,2,21,23,2,21,23,2
Palpa,Okhaldhunga,49,48,3,2,-1,3,2,-1,3,2,-1,3,2,-1,3,2,-1
Palpa,Palpa,49,49,0,0,0,0,0,0,0,0,0,0,0,0,0,0,0
Palpa,Panchthar,49,50,9,20,11,9,20,11,9,20,11,9,20,11,9,20,11
Palpa,Parbat,49,51,24,53,29,24,53,29,24,53,29,24,53,29,24,53,29
Palpa,Parsa,49,52,41,68,27,41,68,27,41,68,27,41,68,27,41,68,27
Palpa,Pyuthan,49,53,34,58,24,34,58,24,34,58,24,34,58,24,34,58,24
Palpa,Ramechhap,49,54,3,2,-1,3,2,-1,3,2,-1,3,2,-1,3,2,-1
Palpa,Rasuwa,49,55,4,0,-4,4,0,-4,4,0,-4,4,0,-4,4,0,-4
Palpa,Rautahat,49,56,32,48,16,32,48,16,32,48,16,32,48,16,32,48,16
Palpa,Rolpa,49,57,20,30,10,20,30,10,20,30,10,20,30,10,20,30,10
Palpa,Rukum,49,58,8,6,-2,8,6,-2,8,6,-2,8,6,-2,8,6,-2
Palpa,Rupandehi,49,59,2684,4275,1591,2684,4275,1591,2684,4275,1591,2440,3916,1476,1906,3069,1163
Palpa,Salyan,49,60,24,29,5,24,29,5,24,29,5,24,29,5,24,29,5
Palpa,Sankhuwasabha,49,61,2,7,5,2,7,5,2,7,5,2,7,5,2,7,5
Palpa,Saptari,49,62,22,46,24,22,46,24,22,46,24,22,46,24,22,46,24
Palpa,Sarlahi,49,63,22,36,14,22,36,14,22,36,14,22,36,14,22,36,14
Palpa,Sindhuli,49,64,12,22,10,12,22,10,12,22,10,12,22,10,12,22,10
Palpa,Sindhupalchok,49,65,7,3,-4,7,3,-4,7,3,-4,7,3,-4,7,3,-4
Palpa,Siraha,49,66,14,24,10,14,24,10,14,24,10,14,24,10,14,24,10
Palpa,Solukhumbu,49,67,1,2,1,1,2,1,1,2,1,1,2,1,1,2,1
Palpa,Sunsari,49,68,38,49,11,38,49,11,38,49,11,38,49,11,38,49,11
Palpa,Surkhet,49,69,36,45,9,36,45,9,36,45,9,36,45,9,36,45,9
Palpa,Syangja,49,70,4167,6177,2010,3809,5670,1861,2425,3470,1045,1309,1901,592,721,1084,363
Palpa,Tanahu,49,71,771,1010,239,771,1010,239,771,1010,239,617,809,192,378,503,125
Palpa,Taplejung,49,72,0,0,0,0,0,0,0,0,0,0,0,0,0,0,0
Palpa,Terhathum,49,73,3,3,0,3,3,0,3,3,0,3,3,0,3,3,0
Palpa,Udayapur,49,74,10,29,19,10,29,19,10,29,19,10,29,19,10,29,19
Panchthar,Achham,50,0,2,4,2,2,4,2,2,4,2,2,4,2,2,4,2
Panchthar,Arghakhanchi,50,1,5,11,6,5,11,6,5,11,6,5,11,6,5,11,6
Panchthar,Baglung,50,2,11,10,-1,11,10,-1,11,10,-1,11,10,-1,11,10,-1
Panchthar,Baitadi,50,3,1,2,1,1,2,1,1,2,1,1,2,1,1,2,1
Panchthar,Bajhang,50,4,0,0,0,0,0,0,0,0,0,0,0,0,0,0,0
Panchthar,Bajura,50,5,0,0,0,0,0,0,0,0,0,0,0,0,0,0,0
Panchthar,Banke,50,6,14,27,13,14,27,13,14,27,13,14,27,13,14,27,13
Panchthar,Bara,50,7,35,50,15,35,50,15,35,50,15,35,50,15,35,50,15
Panchthar,Bardiya,50,8,28,42,14,28,42,14,28,42,14,28,42,14,28,42,14
Panchthar,Bhaktapur,50,9,0,0,0,0,0,0,0,0,0,0,0,0,0,0,0
Panchthar,Bhojpur,50,10,37,74,37,37,74,37,37,74,37,37,74,37,37,74,37
Panchthar,Chitawan,50,11,54,88,34,54,88,34,54,88,34,54,88,34,54,88,34
Panchthar,Dadeldhura,50,12,3,2,-1,3,2,-1,3,2,-1,3,2,-1,3,2,-1
Panchthar,Dailekh,50,13,10,10,0,10,10,0,10,10,0,10,10,0,10,10,0
Panchthar,Dang,50,14,41,50,9,41,50,9,41,50,9,41,50,9,41,50,9
Panchthar,Darchula,50,15,1,0,-1,1,0,-1,1,0,-1,1,0,-1,1,0,-1
Panchthar,Dhading,50,16,30,42,12,30,42,12,30,42,12,30,42,12,30,42,12
Panchthar,Dhankuta,50,17,888,1279,391,888,1279,391,592,887,295,476,703,227,330,509,179
Panchthar,Dhanusha,50,18,35,54,19,35,54,19,35,54,19,35,54,19,35,54,19
Panchthar,Dolakha,50,19,13,5,-8,13,5,-8,13,5,-8,13,5,-8,13,5,-8
Panchthar,Dolpa,50,20,0,0,0,0,0,0,0,0,0,0,0,0,0,0,0
Panchthar,Doti,50,21,2,4,2,2,4,2,2,4,2,2,4,2,2,4,2
Panchthar,Gorkha,50,22,18,52,34,18,52,34,18,52,34,18,52,34,18,52,34
Panchthar,Gulmi,50,23,6,12,6,6,12,6,6,12,6,6,12,6,6,12,6
Panchthar,Humla,50,24,0,1,1,0,1,1,0,1,1,0,1,1,0,1,1
Panchthar,Ilam,50,25,3075,4281,1206,3075,4281,1206,2983,4160,1177,2623,3700,1077,2127,3001,874
Panchthar,Jajarkot,50,26,1,2,1,1,2,1,1,2,1,1,2,1,1,2,1
Panchthar,Jhapa,50,27,4439,6534,2095,4439,6534,2095,4439,6534,2095,4439,6534,2095,4439,6534,2095
Panchthar,Jumla,50,28,0,0,0,0,0,0,0,0,0,0,0,0,0,0,0
Panchthar,Kabhrepalanchok,50,29,28,55,27,28,55,27,28,55,27,28,55,27,28,55,27
Panchthar,Kailali,50,30,22,29,7,22,29,7,22,29,7,22,29,7,22,29,7
Panchthar,Kalikot,50,31,0,0,0,0,0,0,0,0,0,0,0,0,0,0,0
Panchthar,Kanchanpur,50,32,12,17,5,12,17,5,12,17,5,12,17,5,12,17,5
Panchthar,Kapilbastu,50,33,19,18,-1,19,18,-1,19,18,-1,19,18,-1,19,18,-1
Panchthar,Kaski,50,34,52,94,42,52,94,42,52,94,42,52,94,42,52,94,42
Panchthar,Kathmandu,50,35,1414,1803,389,1414,1803,389,1414,1803,389,1414,1803,389,1414,1803,389
Panchthar,Khotang,50,36,30,41,11,30,41,11,30,41,11,30,41,11,30,41,11
Panchthar,Lalitpur,50,37,0,0,0,0,0,0,0,0,0,0,0,0,0,0,0
Panchthar,Lamjung,50,38,3,13,10,3,13,10,3,13,10,3,13,10,3,13,10
Panchthar,Mahottari,50,39,15,38,23,15,38,23,15,38,23,15,38,23,15,38,23
Panchthar,Makawanpur,50,40,42,77,35,42,77,35,42,77,35,42,77,35,42,77,35
Panchthar,Manang,50,41,0,0,0,0,0,0,0,0,0,0,0,0,0,0,0
Panchthar,Morang,50,42,1170,1742,572,1170,1742,572,1166,1733,567,1133,1701,568,1117,1680,563
Panchthar,Mugu,50,43,0,1,1,0,1,1,0,1,1,0,1,1,0,1,1
Panchthar,Mustang,50,44,0,0,0,0,0,0,0,0,0,0,0,0,0,0,0
Panchthar,Myagdi,50,45,2,5,3,2,5,3,2,5,3,2,5,3,2,5,3
Panchthar,Nawalparasi,50,46,21,33,12,21,33,12,21,33,12,21,33,12,21,33,12
Panchthar,Nuwakot,50,47,7,31,24,7,31,24,7,31,24,7,31,24,7,31,24
Panchthar,Okhaldhunga,50,48,8,7,-1,8,7,-1,8,7,-1,8,7,-1,8,7,-1
Panchthar,Palpa,50,49,11,10,-1,11,10,-1,11,10,-1,11,10,-1,11,10,-1
Panchthar,Panchthar,50,50,0,0,0,0,0,0,0,0,0,0,0,0,0,0,0
Panchthar,Parbat,50,51,5,6,1,5,6,1,5,6,1,5,6,1,5,6,1
Panchthar,Parsa,50,52,29,36,7,29,36,7,29,36,7,29,36,7,29,36,7
Panchthar,Pyuthan,50,53,4,8,4,4,8,4,4,8,4,4,8,4,4,8,4
Panchthar,Ramechhap,50,54,2,9,7,2,9,7,2,9,7,2,9,7,2,9,7
Panchthar,Rasuwa,50,55,2,2,0,2,2,0,2,2,0,2,2,0,2,2,0
Panchthar,Rautahat,50,56,9,22,13,9,22,13,9,22,13,9,22,13,9,22,13
Panchthar,Rolpa,50,57,6,2,-4,6,2,-4,6,2,-4,6,2,-4,6,2,-4
Panchthar,Rukum,50,58,4,2,-2,4,2,-2,4,2,-2,4,2,-2,4,2,-2
Panchthar,Rupandehi,50,59,35,51,16,35,51,16,35,51,16,35,51,16,35,51,16
Panchthar,Salyan,50,60,4,7,3,4,7,3,4,7,3,4,7,3,4,7,3
Panchthar,Sankhuwasabha,50,61,99,157,58,99,157,58,99,157,58,99,157,58,99,157,58
Panchthar,Saptari,50,62,109,117,8,109,117,8,109,117,8,109,117,8,109,117,8
Panchthar,Sarlahi,50,63,38,49,11,38,49,11,38,49,11,38,49,11,38,49,11
Panchthar,Sindhuli,50,64,23,29,6,23,29,6,23,29,6,23,29,6,23,29,6
Panchthar,Sindhupalchok,50,65,8,21,13,8,21,13,8,21,13,8,21,13,8,21,13
Panchthar,Siraha,50,66,24,69,45,24,69,45,24,69,45,24,69,45,24,69,45
Panchthar,Solukhumbu,50,67,11,10,-1,11,10,-1,11,10,-1,11,10,-1,11,10,-1
Panchthar,Sunsari,50,68,651,1046,395,651,1046,395,651,1046,395,651,1046,395,651,1046,395
Panchthar,Surkhet,50,69,18,28,10,18,28,10,18,28,10,18,28,10,18,28,10
Panchthar,Syangja,50,70,15,33,18,15,33,18,15,33,18,15,33,18,15,33,18
Panchthar,Tanahu,50,71,19,29,10,19,29,10,19,29,10,19,29,10,19,29,10
Panchthar,Taplejung,50,72,1411,1826,415,1411,1826,415,1004,1267,263,649,815,166,426,535,109
Panchthar,Terhathum,50,73,2243,3712,1469,2243,3712,1469,2201,3613,1412,1381,2340,959,809,1454,645
Panchthar,Udayapur,50,74,79,95,16,79,95,16,79,95,16,79,95,16,79,95,16
Parbat,Achham,51,0,3,5,2,3,5,2,3,5,2,3,5,2,3,5,2
Parbat,Arghakhanchi,51,1,11,12,1,11,12,1,11,12,1,11,12,1,11,12,1
Parbat,Baglung,51,2,2231,3087,856,2064,2856,792,1217,1700,483,498,689,191,127,203,76
Parbat,Baitadi,51,3,0,3,3,0,3,3,0,3,3,0,3,3,0,3,3
Parbat,Bajhang,51,4,0,0,0,0,0,0,0,0,0,0,0,0,0,0,0
Parbat,Bajura,51,5,0,1,1,0,1,1,0,1,1,0,1,1,0,1,1
Parbat,Banke,51,6,29,60,31,29,60,31,29,60,31,29,60,31,29,60,31
Parbat,Bara,51,7,32,86,54,32,86,54,32,86,54,32,86,54,32,86,54
Parbat,Bardiya,51,8,59,82,23,59,82,23,59,82,23,59,82,23,59,82,23
Parbat,Bhaktapur,51,9,0,0,0,0,0,0,0,0,0,0,0,0,0,0,0
Parbat,Bhojpur,51,10,3,2,-1,3,2,-1,3,2,-1,3,2,-1,3,2,-1
Parbat,Chitawan,51,11,306,475,169,306,475,169,306,475,169,306,475,169,306,475,169
Parbat,Dadeldhura,51,12,4,5,1,4,5,1,4,5,1,4,5,1,4,5,1
Parbat,Dailekh,51,13,4,4,0,4,4,0,4,4,0,4,4,0,4,4,0
Parbat,Dang,51,14,45,69,24,45,69,24,45,69,24,45,69,24,45,69,24
Parbat,Darchula,51,15,1,2,1,1,2,1,1,2,1,1,2,1,1,2,1
Parbat,Dhading,51,16,32,43,11,32,43,11,32,43,11,32,43,11,32,43,11
Parbat,Dhankuta,51,17,7,8,1,7,8,1,7,8,1,7,8,1,7,8,1
Parbat,Dhanusha,51,18,15,17,2,15,17,2,15,17,2,15,17,2,15,17,2
Parbat,Dolakha,51,19,3,1,-2,3,1,-2,3,1,-2,3,1,-2,3,1,-2
Parbat,Dolpa,51,20,0,1,1,0,1,1,0,1,1,0,1,1,0,1,1
Parbat,Doti,51,21,4,3,-1,4,3,-1,4,3,-1,4,3,-1,4,3,-1
Parbat,Gorkha,51,22,53,111,58,53,111,58,53,111,58,53,111,58,53,111,58
Parbat,Gulmi,51,23,149,256,107,149,256,107,149,256,107,65,124,59,32,60,28
Parbat,Humla,51,24,0,3,3,0,3,3,0,3,3,0,3,3,0,3,3
Parbat,Ilam,51,25,4,15,11,4,15,11,4,15,11,4,15,11,4,15,11
Parbat,Jajarkot,51,26,2,1,-1,2,1,-1,2,1,-1,2,1,-1,2,1,-1
Parbat,Jhapa,51,27,28,40,12,28,40,12,28,40,12,28,40,12,28,40,12
Parbat,Jumla,51,28,1,0,-1,1,0,-1,1,0,-1,1,0,-1,1,0,-1
Parbat,Kabhrepalanchok,51,29,11,31,20,11,31,20,11,31,20,11,31,20,11,31,20
Parbat,Kailali,51,30,24,47,23,24,47,23,24,47,23,24,47,23,24,47,23
Parbat,Kalikot,51,31,0,0,0,0,0,0,0,0,0,0,0,0,0,0,0
Parbat,Kanchanpur,51,32,19,26,7,19,26,7,19,26,7,19,26,7,19,26,7
Parbat,Kapilbastu,51,33,27,42,15,27,42,15,27,42,15,27,42,15,27,42,15
Parbat,Kaski,51,34,2946,3528,582,2609,3105,496,2329,2741,412,2215,2586,371,2095,2435,340
Parbat,Kathmandu,51,35,637,637,0,637,637,0,637,637,0,637,637,0,637,637,0
Parbat,Khotang,51,36,1,4,3,1,4,3,1,4,3,1,4,3,1,4,3
Parbat,Lalitpur,51,37,0,0,0,0,0,0,0,0,0,0,0,0,0,0,0
Parbat,Lamjung,51,38,22,36,14,22,36,14,22,36,14,22,36,14,22,36,14
Parbat,Mahottari,51,39,7,8,1,7,8,1,7,8,1,7,8,1,7,8,1
Parbat,Makawanpur,51,40,35,61,26,35,61,26,35,61,26,35,61,26,35,61,26
Parbat,Manang,51,41,0,0,0,0,0,0,0,0,0,0,0,0,0,0,0
Parbat,Morang,51,42,25,36,11,25,36,11,25,36,11,25,36,11,25,36,11
Parbat,Mugu,51,43,0,0,0,0,0,0,0,0,0,0,0,0,0,0,0
Parbat,Mustang,51,44,12,17,5,12,17,5,12,17,5,12,17,5,12,17,5
Parbat,Myagdi,51,45,1092,1400,308,1007,1297,290,598,754,156,392,501,109,268,327,59
Parbat,Nawalparasi,51,46,239,385,146,239,385,146,239,385,146,239,385,146,239,385,146
Parbat,Nuwakot,51,47,10,22,12,10,22,12,10,22,12,10,22,12,10,22,12
Parbat,Okhaldhunga,51,48,1,3,2,1,3,2,1,3,2,1,3,2,1,3,2
Parbat,Palpa,51,49,29,39,10,29,39,10,29,39,10,29,39,10,29,39,10
Parbat,Panchthar,51,50,2,7,5,2,7,5,2,7,5,2,7,5,2,7,5
Parbat,Parbat,51,51,0,0,0,0,0,0,0,0,0,0,0,0,0,0,0
Parbat,Parsa,51,52,78,105,27,78,105,27,78,105,27,78,105,27,78,105,27
Parbat,Pyuthan,51,53,7,14,7,7,14,7,7,14,7,7,14,7,7,14,7
Parbat,Ramechhap,51,54,0,3,3,0,3,3,0,3,3,0,3,3,0,3,3
Parbat,Rasuwa,51,55,0,1,1,0,1,1,0,1,1,0,1,1,0,1,1
Parbat,Rautahat,51,56,19,38,19,19,38,19,19,38,19,19,38,19,19,38,19
Parbat,Rolpa,51,57,14,14,0,14,14,0,14,14,0,14,14,0,14,14,0
Parbat,Rukum,51,58,3,5,2,3,5,2,3,5,2,3,5,2,3,5,2
Parbat,Rupandehi,51,59,245,354,109,245,354,109,245,354,109,245,354,109,245,354,109
Parbat,Salyan,51,60,23,25,2,23,25,2,23,25,2,23,25,2,23,25,2
Parbat,Sankhuwasabha,51,61,5,13,8,5,13,8,5,13,8,5,13,8,5,13,8
Parbat,Saptari,51,62,19,33,14,19,33,14,19,33,14,19,33,14,19,33,14
Parbat,Sarlahi,51,63,17,39,22,17,39,22,17,39,22,17,39,22,17,39,22
Parbat,Sindhuli,51,64,11,19,8,11,19,8,11,19,8,11,19,8,11,19,8
Parbat,Sindhupalchok,51,65,9,17,8,9,17,8,9,17,8,9,17,8,9,17,8
Parbat,Siraha,51,66,11,13,2,11,13,2,11,13,2,11,13,2,11,13,2
Parbat,Solukhumbu,51,67,4,6,2,4,6,2,4,6,2,4,6,2,4,6,2
Parbat,Sunsari,51,68,26,26,0,26,26,0,26,26,0,26,26,0,26,26,0
Parbat,Surkhet,51,69,12,12,0,12,12,0,12,12,0,12,12,0,12,12,0
Parbat,Syangja,51,70,533,815,282,533,815,282,410,640,230,372,595,223,261,426,165
Parbat,Tanahu,51,71,166,248,82,166,248,82,166,248,82,166,248,82,166,248,82
Parbat,Taplejung,51,72,0,0,0,0,0,0,0,0,0,0,0,0,0,0,0
Parbat,Terhathum,51,73,1,1,0,1,1,0,1,1,0,1,1,0,1,1,0
Parbat,Udayapur,51,74,21,9,-12,21,9,-12,21,9,-12,21,9,-12,21,9,-12
Parsa,Achham,52,0,3,5,2,3,5,2,3,5,2,3,5,2,3,5,2
Parsa,Arghakhanchi,52,1,15,38,23,15,38,23,15,38,23,15,38,23,15,38,23
Parsa,Baglung,52,2,84,128,44,84,128,44,84,128,44,84,128,44,84,128,44
Parsa,Baitadi,52,3,4,4,0,4,4,0,4,4,0,4,4,0,4,4,0
Parsa,Bajhang,52,4,0,2,2,0,2,2,0,2,2,0,2,2,0,2,2
Parsa,Bajura,52,5,0,2,2,0,2,2,0,2,2,0,2,2,0,2,2
Parsa,Banke,52,6,137,142,5,137,142,5,137,142,5,137,142,5,137,142,5
Parsa,Bara,52,7,17880,27016,9136,14150,21866,7716,10609,16611,6002,6446,10226,3780,4456,7111,2655
Parsa,Bardiya,52,8,37,82,45,37,82,45,37,82,45,37,82,45,37,82,45
Parsa,Bhaktapur,52,9,0,0,0,0,0,0,0,0,0,0,0,0,0,0,0
Parsa,Bhojpur,52,10,14,7,-7,14,7,-7,14,7,-7,14,7,-7,14,7,-7
Parsa,Chitawan,52,11,2402,2951,549,2402,2951,549,2402,2951,549,2402,2951,549,2381,2930,549
Parsa,Dadeldhura,52,12,1,5,4,1,5,4,1,5,4,1,5,4,1,5,4
Parsa,Dailekh,52,13,9,15,6,9,15,6,9,15,6,9,15,6,9,15,6
Parsa,Dang,52,14,110,139,29,110,139,29,110,139,29,110,139,29,110,139,29
Parsa,Darchula,52,15,3,2,-1,3,2,-1,3,2,-1,3,2,-1,3,2,-1
Parsa,Dhading,52,16,251,310,59,251,310,59,251,310,59,251,310,59,251,310,59
Parsa,Dhankuta,52,17,27,38,11,27,38,11,27,38,11,27,38,11,27,38,11
Parsa,Dhanusha,52,18,920,1201,281,920,1201,281,920,1201,281,920,1201,281,920,1201,281
Parsa,Dolakha,52,19,52,18,-34,52,18,-34,52,18,-34,52,18,-34,52,18,-34
Parsa,Dolpa,52,20,0,0,0,0,0,0,0,0,0,0,0,0,0,0,0
Parsa,Doti,52,21,5,7,2,5,7,2,5,7,2,5,7,2,5,7,2
Parsa,Gorkha,52,22,166,322,156,166,322,156,166,322,156,166,322,156,166,322,156
Parsa,Gulmi,52,23,15,30,15,15,30,15,15,30,15,15,30,15,15,30,15
Parsa,Humla,52,24,1,2,1,1,2,1,1,2,1,1,2,1,1,2,1
Parsa,Ilam,52,25,32,48,16,32,48,16,32,48,16,32,48,16,32,48,16
Parsa,Jajarkot,52,26,7,4,-3,7,4,-3,7,4,-3,7,4,-3,7,4,-3
Parsa,Jhapa,52,27,228,340,112,228,340,112,228,340,112,228,340,112,228,340,112
Parsa,Jumla,52,28,0,0,0,0,0,0,0,0,0,0,0,0,0,0,0
Parsa,Kabhrepalanchok,52,29,150,218,68,150,218,68,150,218,68,150,218,68,150,218,68
Parsa,Kailali,52,30,113,139,26,113,139,26,113,139,26,113,139,26,113,139,26
Parsa,Kalikot,52,31,1,1,0,1,1,0,1,1,0,1,1,0,1,1,0
Parsa,Kanchanpur,52,32,48,70,22,48,70,22,48,70,22,48,70,22,48,70,22
Parsa,Kapilbastu,52,33,83,102,19,83,102,19,83,102,19,83,102,19,83,102,19
Parsa,Kaski,52,34,790,938,148,790,938,148,790,938,148,790,938,148,790,938,148
Parsa,Kathmandu,52,35,5678,4846,-832,5678,4846,-832,5678,4846,-832,5678,4846,-832,5678,4846,-832
Parsa,Khotang,52,36,23,22,-1,23,22,-1,23,22,-1,23,22,-1,23,22,-1
Parsa,Lalitpur,52,37,0,0,0,0,0,0,0,0,0,0,0,0,0,0,0
Parsa,Lamjung,52,38,78,93,15,78,93,15,78,93,15,78,93,15,78,93,15
Parsa,Mahottari,52,39,482,720,238,482,720,238,482,720,238,482,720,238,482,720,238
Parsa,Makawanpur,52,40,1796,2275,479,1796,2275,479,1796,2275,479,1796,2275,479,1792,2265,473
Parsa,Manang,52,41,1,0,-1,1,0,-1,1,0,-1,1,0,-1,1,0,-1
Parsa,Morang,52,42,380,594,214,380,594,214,380,594,214,380,594,214,380,594,214
Parsa,Mugu,52,43,3,0,-3,3,0,-3,3,0,-3,3,0,-3,3,0,-3
Parsa,Mustang,52,44,5,6,1,5,6,1,5,6,1,5,6,1,5,6,1
Parsa,Myagdi,52,45,22,48,26,22,48,26,22,48,26,22,48,26,22,48,26
Parsa,Nawalparasi,52,46,556,651,95,556,651,95,556,651,95,556,651,95,556,651,95
Parsa,Nuwakot,52,47,76,99,23,76,99,23,76,99,23,76,99,23,76,99,23
Parsa,Okhaldhunga,52,48,6,12,6,6,12,6,6,12,6,6,12,6,6,12,6
Parsa,Palpa,52,49,39,30,-9,39,30,-9,39,30,-9,39,30,-9,39,30,-9
Parsa,Panchthar,52,50,20,42,22,20,42,22,20,42,22,20,42,22,20,42,22
Parsa,Parbat,52,51,87,99,12,87,99,12,87,99,12,87,99,12,87,99,12
Parsa,Parsa,52,52,0,0,0,0,0,0,0,0,0,0,0,0,0,0,0
Parsa,Pyuthan,52,53,20,22,2,20,22,2,20,22,2,20,22,2,20,22,2
Parsa,Ramechhap,52,54,17,34,17,17,34,17,17,34,17,17,34,17,17,34,17
Parsa,Rasuwa,52,55,15,5,-10,15,5,-10,15,5,-10,15,5,-10,15,5,-10
Parsa,Rautahat,52,56,1943,3708,1765,1943,3708,1765,1943,3708,1765,1943,3708,1765,1943,3708,1765
Parsa,Rolpa,52,57,7,15,8,7,15,8,7,15,8,7,15,8,7,15,8
Parsa,Rukum,52,58,7,7,0,7,7,0,7,7,0,7,7,0,7,7,0
Parsa,Rupandehi,52,59,416,555,139,416,555,139,416,555,139,416,555,139,416,555,139
Parsa,Salyan,52,60,9,16,7,9,16,7,9,16,7,9,16,7,9,16,7
Parsa,Sankhuwasabha,52,61,17,25,8,17,25,8,17,25,8,17,25,8,17,25,8
Parsa,Saptari,52,62,251,424,173,251,424,173,251,424,173,251,424,173,251,424,173
Parsa,Sarlahi,52,63,1179,2117,938,1179,2117,938,1179,2117,938,1179,2117,938,1179,2117,938
Parsa,Sindhuli,52,64,132,243,111,132,243,111,132,243,111,132,243,111,132,243,111
Parsa,Sindhupalchok,52,65,47,88,41,47,88,41,47,88,41,47,88,41,47,88,41
Parsa,Siraha,52,66,331,475,144,331,475,144,331,475,144,331,475,144,331,475,144
Parsa,Solukhumbu,52,67,8,16,8,8,16,8,8,16,8,8,16,8,8,16,8
Parsa,Sunsari,52,68,290,481,191,290,481,191,290,481,191,290,481,191,290,481,191
Parsa,Surkhet,52,69,40,55,15,40,55,15,40,55,15,40,55,15,40,55,15
Parsa,Syangja,52,70,85,138,53,85,138,53,85,138,53,85,138,53,85,138,53
Parsa,Tanahu,52,71,285,354,69,285,354,69,285,354,69,285,354,69,285,354,69
Parsa,Taplejung,52,72,6,7,1,6,7,1,6,7,1,6,7,1,6,7,1
Parsa,Terhathum,52,73,3,17,14,3,17,14,3,17,14,3,17,14,3,17,14
Parsa,Udayapur,52,74,77,146,69,77,146,69,77,146,69,77,146,69,77,146,69
Pyuthan,Achham,53,0,4,4,0,4,4,0,4,4,0,4,4,0,4,4,0
Pyuthan,Arghakhanchi,53,1,1383,2207,824,1189,1913,724,935,1576,641,595,993,398,486,785,299
Pyuthan,Baglung,53,2,13,37,24,13,37,24,13,37,24,13,37,24,11,32,21
Pyuthan,Baitadi,53,3,7,9,2,7,9,2,7,9,2,7,9,2,7,9,2
Pyuthan,Bajhang,53,4,0,0,0,0,0,0,0,0,0,0,0,0,0,0,0
Pyuthan,Bajura,53,5,0,0,0,0,0,0,0,0,0,0,0,0,0,0,0
Pyuthan,Banke,53,6,161,277,116,161,277,116,161,277,116,161,277,116,161,277,116
Pyuthan,Bara,53,7,26,35,9,26,35,9,26,35,9,26,35,9,26,35,9
Pyuthan,Bardiya,53,8,50,75,25,50,75,25,50,75,25,50,75,25,50,75,25
Pyuthan,Bhaktapur,53,9,0,0,0,0,0,0,0,0,0,0,0,0,0,0,0
Pyuthan,Bhojpur,53,10,2,5,3,2,5,3,2,5,3,2,5,3,2,5,3
Pyuthan,Chitawan,53,11,50,107,57,50,107,57,50,107,57,50,107,57,50,107,57
Pyuthan,Dadeldhura,53,12,1,7,6,1,7,6,1,7,6,1,7,6,1,7,6
Pyuthan,Dailekh,53,13,15,21,6,15,21,6,15,21,6,15,21,6,15,21,6
Pyuthan,Dang,53,14,1960,3301,1341,1960,3301,1341,1678,2971,1293,1462,2580,1118,1320,2279,959
Pyuthan,Darchula,53,15,1,5,4,1,5,4,1,5,4,1,5,4,1,5,4
Pyuthan,Dhading,53,16,12,28,16,12,28,16,12,28,16,12,28,16,12,28,16
Pyuthan,Dhankuta,53,17,1,8,7,1,8,7,1,8,7,1,8,7,1,8,7
Pyuthan,Dhanusha,53,18,8,24,16,8,24,16,8,24,16,8,24,16,8,24,16
Pyuthan,Dolakha,53,19,4,0,-4,4,0,-4,4,0,-4,4,0,-4,4,0,-4
Pyuthan,Dolpa,53,20,2,3,1,2,3,1,2,3,1,2,3,1,2,3,1
Pyuthan,Doti,53,21,5,10,5,5,10,5,5,10,5,5,10,5,5,10,5
Pyuthan,Gorkha,53,22,24,34,10,24,34,10,24,34,10,24,34,10,24,34,10
Pyuthan,Gulmi,53,23,94,180,86,94,180,86,94,180,86,94,180,86,93,175,82
Pyuthan,Humla,53,24,0,1,1,0,1,1,0,1,1,0,1,1,0,1,1
Pyuthan,Ilam,53,25,10,7,-3,10,7,-3,10,7,-3,10,7,-3,10,7,-3
Pyuthan,Jajarkot,53,26,1,5,4,1,5,4,1,5,4,1,5,4,1,5,4
Pyuthan,Jhapa,53,27,21,29,8,21,29,8,21,29,8,21,29,8,21,29,8
Pyuthan,Jumla,53,28,1,0,-1,1,0,-1,1,0,-1,1,0,-1,1,0,-1
Pyuthan,Kabhrepalanchok,53,29,18,22,4,18,22,4,18,22,4,18,22,4,18,22,4
Pyuthan,Kailali,53,30,32,60,28,32,60,28,32,60,28,32,60,28,32,60,28
Pyuthan,Kalikot,53,31,1,2,1,1,2,1,1,2,1,1,2,1,1,2,1
Pyuthan,Kanchanpur,53,32,23,53,30,23,53,30,23,53,30,23,53,30,23,53,30
Pyuthan,Kapilbastu,53,33,286,516,230,286,516,230,286,516,230,286,516,230,286,516,230
Pyuthan,Kaski,53,34,71,97,26,71,97,26,71,97,26,71,97,26,71,97,26
Pyuthan,Kathmandu,53,35,465,497,32,465,497,32,465,497,32,465,497,32,465,497,32
Pyuthan,Khotang,53,36,3,7,4,3,7,4,3,7,4,3,7,4,3,7,4
Pyuthan,Lalitpur,53,37,0,0,0,0,0,0,0,0,0,0,0,0,0,0,0
Pyuthan,Lamjung,53,38,6,13,7,6,13,7,6,13,7,6,13,7,6,13,7
Pyuthan,Mahottari,53,39,10,17,7,10,17,7,10,17,7,10,17,7,10,17,7
Pyuthan,Makawanpur,53,40,15,35,20,15,35,20,15,35,20,15,35,20,15,35,20
Pyuthan,Manang,53,41,0,0,0,0,0,0,0,0,0,0,0,0,0,0,0
Pyuthan,Morang,53,42,22,37,15,22,37,15,22,37,15,22,37,15,22,37,15
Pyuthan,Mugu,53,43,2,0,-2,2,0,-2,2,0,-2,2,0,-2,2,0,-2
Pyuthan,Mustang,53,44,0,3,3,0,3,3,0,3,3,0,3,3,0,3,3
Pyuthan,Myagdi,53,45,2,5,3,2,5,3,2,5,3,2,5,3,2,5,3
Pyuthan,Nawalparasi,53,46,73,139,66,73,139,66,73,139,66,73,139,66,73,139,66
Pyuthan,Nuwakot,53,47,10,14,4,10,14,4,10,14,4,10,14,4,10,14,4
Pyuthan,Okhaldhunga,53,48,3,0,-3,3,0,-3,3,0,-3,3,0,-3,3,0,-3
Pyuthan,Palpa,53,49,31,46,15,31,46,15,31,46,15,31,46,15,31,46,15
Pyuthan,Panchthar,53,50,4,9,5,4,9,5,4,9,5,4,9,5,4,9,5
Pyuthan,Parbat,53,51,5,11,6,5,11,6,5,11,6,5,11,6,5,11,6
Pyuthan,Parsa,53,52,17,18,1,17,18,1,17,18,1,17,18,1,17,18,1
Pyuthan,Pyuthan,53,53,0,0,0,0,0,0,0,0,0,0,0,0,0,0,0
Pyuthan,Ramechhap,53,54,1,3,2,1,3,2,1,3,2,1,3,2,1,3,2
Pyuthan,Rasuwa,53,55,1,0,-1,1,0,-1,1,0,-1,1,0,-1,1,0,-1
Pyuthan,Rautahat,53,56,5,23,18,5,23,18,5,23,18,5,23,18,5,23,18
Pyuthan,Rolpa,53,57,703,1078,375,703,1078,375,455,867,412,426,685,259,282,501,219
Pyuthan,Rukum,53,58,12,32,20,12,32,20,12,32,20,12,32,20,12,32,20
Pyuthan,Rupandehi,53,59,296,538,242,296,538,242,296,538,242,296,538,242,296,538,242
Pyuthan,Salyan,53,60,68,131,63,68,131,63,68,131,63,68,131,63,68,131,63
Pyuthan,Sankhuwasabha,53,61,3,9,6,3,9,6,3,9,6,3,9,6,3,9,6
Pyuthan,Saptari,53,62,19,18,-1,19,18,-1,19,18,-1,19,18,-1,19,18,-1
Pyuthan,Sarlahi,53,63,15,13,-2,15,13,-2,15,13,-2,15,13,-2,15,13,-2
Pyuthan,Sindhuli,53,64,13,18,5,13,18,5,13,18,5,13,18,5,13,18,5
Pyuthan,Sindhupalchok,53,65,2,8,6,2,8,6,2,8,6,2,8,6,2,8,6
Pyuthan,Siraha,53,66,8,9,1,8,9,1,8,9,1,8,9,1,8,9,1
Pyuthan,Solukhumbu,53,67,2,3,1,2,3,1,2,3,1,2,3,1,2,3,1
Pyuthan,Sunsari,53,68,15,26,11,15,26,11,15,26,11,15,26,11,15,26,11
Pyuthan,Surkhet,53,69,45,42,-3,45,42,-3,45,42,-3,45,42,-3,45,42,-3
Pyuthan,Syangja,53,70,23,44,21,23,44,21,23,44,21,23,44,21,23,44,21
Pyuthan,Tanahu,53,71,18,30,12,18,30,12,18,30,12,18,30,12,18,30,12
Pyuthan,Taplejung,53,72,1,1,0,1,1,0,1,1,0,1,1,0,1,1,0
Pyuthan,Terhathum,53,73,2,2,0,2,2,0,2,2,0,2,2,0,2,2,0
Pyuthan,Udayapur,53,74,10,8,-2,10,8,-2,10,8,-2,10,8,-2,10,8,-2
Ramechhap,Achham,54,0,0,3,3,0,3,3,0,3,3,0,3,3,0,3,3
Ramechhap,Arghakhanchi,54,1,0,2,2,0,2,2,0,2,2,0,2,2,0,2,2
Ramechhap,Baglung,54,2,1,6,5,1,6,5,1,6,5,1,6,5,1,6,5
Ramechhap,Baitadi,54,3,0,1,1,0,1,1,0,1,1,0,1,1,0,1,1
Ramechhap,Bajhang,54,4,0,0,0,0,0,0,0,0,0,0,0,0,0,0,0
Ramechhap,Bajura,54,5,0,0,0,0,0,0,0,0,0,0,0,0,0,0,0
Ramechhap,Banke,54,6,8,14,6,8,14,6,8,14,6,8,14,6,8,14,6
Ramechhap,Bara,54,7,32,57,25,32,57,25,32,57,25,32,57,25,32,57,25
Ramechhap,Bardiya,54,8,14,7,-7,14,7,-7,14,7,-7,14,7,-7,14,7,-7
Ramechhap,Bhaktapur,54,9,0,0,0,0,0,0,0,0,0,0,0,0,0,0,0
Ramechhap,Bhojpur,54,10,9,11,2,9,11,2,9,11,2,9,11,2,9,11,2
Ramechhap,Chitawan,54,11,26,55,29,26,55,29,26,55,29,26,55,29,26,55,29
Ramechhap,Dadeldhura,54,12,0,2,2,0,2,2,0,2,2,0,2,2,0,2,2
Ramechhap,Dailekh,54,13,4,2,-2,4,2,-2,4,2,-2,4,2,-2,4,2,-2
Ramechhap,Dang,54,14,5,20,15,5,20,15,5,20,15,5,20,15,5,20,15
Ramechhap,Darchula,54,15,0,0,0,0,0,0,0,0,0,0,0,0,0,0,0
Ramechhap,Dhading,54,16,17,34,17,17,34,17,17,34,17,17,34,17,17,34,17
Ramechhap,Dhankuta,54,17,9,12,3,9,12,3,9,12,3,9,12,3,9,12,3
Ramechhap,Dhanusha,54,18,62,88,26,62,88,26,62,88,26,62,88,26,62,88,26
Ramechhap,Dolakha,54,19,674,457,-217,674,457,-217,446,399,-47,261,199,-62,182,168,-14
Ramechhap,Dolpa,54,20,0,0,0,0,0,0,0,0,0,0,0,0,0,0,0
Ramechhap,Doti,54,21,0,2,2,0,2,2,0,2,2,0,2,2,0,2,2
Ramechhap,Gorkha,54,22,10,23,13,10,23,13,10,23,13,10,23,13,10,23,13
Ramechhap,Gulmi,54,23,2,3,1,2,3,1,2,3,1,2,3,1,2,3,1
Ramechhap,Humla,54,24,1,1,0,1,1,0,1,1,0,1,1,0,1,1,0
Ramechhap,Ilam,54,25,3,14,11,3,14,11,3,14,11,3,14,11,3,14,11
Ramechhap,Jajarkot,54,26,0,0,0,0,0,0,0,0,0,0,0,0,0,0,0
Ramechhap,Jhapa,54,27,28,61,33,28,61,33,28,61,33,28,61,33,28,61,33
Ramechhap,Jumla,54,28,0,0,0,0,0,0,0,0,0,0,0,0,0,0,0
Ramechhap,Kabhrepalanchok,54,29,224,345,121,224,345,121,224,345,121,193,336,143,191,324,133
Ramechhap,Kailali,54,30,4,8,4,4,8,4,4,8,4,4,8,4,4,8,4
Ramechhap,Kalikot,54,31,0,0,0,0,0,0,0,0,0,0,0,0,0,0,0
Ramechhap,Kanchanpur,54,32,4,4,0,4,4,0,4,4,0,4,4,0,4,4,0
Ramechhap,Kapilbastu,54,33,1,8,7,1,8,7,1,8,7,1,8,7,1,8,7
Ramechhap,Kaski,54,34,31,54,23,31,54,23,31,54,23,31,54,23,31,54,23
Ramechhap,Kathmandu,54,35,1441,1899,458,1441,1899,458,1441,1899,458,1441,1899,458,1441,1899,458
Ramechhap,Khotang,54,36,12,45,33,12,45,33,12,45,33,12,45,33,12,45,33
Ramechhap,Lalitpur,54,37,0,0,0,0,0,0,0,0,0,0,0,0,0,0,0
Ramechhap,Lamjung,54,38,0,11,11,0,11,11,0,11,11,0,11,11,0,11,11
Ramechhap,Mahottari,54,39,73,120,47,73,120,47,73,120,47,73,120,47,73,120,47
Ramechhap,Makawanpur,54,40,41,61,20,41,61,20,41,61,20,41,61,20,41,61,20
Ramechhap,Manang,54,41,0,0,0,0,0,0,0,0,0,0,0,0,0,0,0
Ramechhap,Morang,54,42,26,54,28,26,54,28,26,54,28,26,54,28,26,54,28
Ramechhap,Mugu,54,43,0,0,0,0,0,0,0,0,0,0,0,0,0,0,0
Ramechhap,Mustang,54,44,1,6,5,1,6,5,1,6,5,1,6,5,1,6,5
Ramechhap,Myagdi,54,45,0,4,4,0,4,4,0,4,4,0,4,4,0,4,4
Ramechhap,Nawalparasi,54,46,10,22,12,10,22,12,10,22,12,10,22,12,10,22,12
Ramechhap,Nuwakot,54,47,13,14,1,13,14,1,13,14,1,13,14,1,13,14,1
Ramechhap,Okhaldhunga,54,48,4,14,10,4,14,10,4,14,10,4,14,10,4,14,10
Ramechhap,Palpa,54,49,3,3,0,3,3,0,3,3,0,3,3,0,3,3,0
Ramechhap,Panchthar,54,50,6,10,4,6,10,4,6,10,4,6,10,4,6,10,4
Ramechhap,Parbat,54,51,2,4,2,2,4,2,2,4,2,2,4,2,2,4,2
Ramechhap,Parsa,54,52,17,32,15,17,32,15,17,32,15,17,32,15,17,32,15
Ramechhap,Pyuthan,54,53,1,2,1,1,2,1,1,2,1,1,2,1,1,2,1
Ramechhap,Ramechhap,54,54,0,0,0,0,0,0,0,0,0,0,0,0,0,0,0
Ramechhap,Rasuwa,54,55,3,2,-1,3,2,-1,3,2,-1,3,2,-1,3,2,-1
Ramechhap,Rautahat,54,56,10,42,32,10,42,32,10,42,32,10,42,32,10,42,32
Ramechhap,Rolpa,54,57,3,1,-2,3,1,-2,3,1,-2,3,1,-2,3,1,-2
Ramechhap,Rukum,54,58,0,4,4,0,4,4,0,4,4,0,4,4,0,4,4
Ramechhap,Rupandehi,54,59,9,19,10,9,19,10,9,19,10,9,19,10,9,19,10
Ramechhap,Salyan,54,60,0,1,1,0,1,1,0,1,1,0,1,1,0,1,1
Ramechhap,Sankhuwasabha,54,61,6,6,0,6,6,0,6,6,0,6,6,0,6,6,0
Ramechhap,Saptari,54,62,17,21,4,17,21,4,17,21,4,17,21,4,17,21,4
Ramechhap,Sarlahi,54,63,79,169,90,79,169,90,79,169,90,79,169,90,79,169,90
Ramechhap,Sindhuli,54,64,803,2008,1205,803,2008,1205,803,2008,1205,541,948,407,253,582,329
Ramechhap,Sindhupalchok,54,65,36,47,11,36,47,11,36,47,11,36,47,11,36,47,11
Ramechhap,Siraha,54,66,24,29,5,24,29,5,24,29,5,24,29,5,24,29,5
Ramechhap,Solukhumbu,54,67,18,47,29,18,47,29,18,47,29,18,47,29,18,47,29
Ramechhap,Sunsari,54,68,24,48,24,24,48,24,24,48,24,24,48,24,24,48,24
Ramechhap,Surkhet,54,69,4,10,6,4,10,6,4,10,6,4,10,6,4,10,6
Ramechhap,Syangja,54,70,3,10,7,3,10,7,3,10,7,3,10,7,3,10,7
Ramechhap,Tanahu,54,71,9,19,10,9,19,10,9,19,10,9,19,10,9,19,10
Ramechhap,Taplejung,54,72,2,1,-1,2,1,-1,2,1,-1,2,1,-1,2,1,-1
Ramechhap,Terhathum,54,73,2,1,-1,2,1,-1,2,1,-1,2,1,-1,2,1,-1
Ramechhap,Udayapur,54,74,26,28,2,26,28,2,26,28,2,26,28,2,26,28,2
Rasuwa,Achham,55,0,2,0,-2,2,0,-2,2,0,-2,2,0,-2,2,0,-2
Rasuwa,Arghakhanchi,55,1,2,4,2,2,4,2,2,4,2,2,4,2,2,4,2
Rasuwa,Baglung,55,2,9,10,1,9,10,1,9,10,1,9,10,1,9,10,1
Rasuwa,Baitadi,55,3,0,2,2,0,2,2,0,2,2,0,2,2,0,2,2
Rasuwa,Bajhang,55,4,0,0,0,0,0,0,0,0,0,0,0,0,0,0,0
Rasuwa,Bajura,55,5,0,0,0,0,0,0,0,0,0,0,0,0,0,0,0
Rasuwa,Banke,55,6,8,16,8,8,16,8,8,16,8,8,16,8,8,16,8
Rasuwa,Bara,55,7,8,34,26,8,34,26,8,34,26,8,34,26,8,34,26
Rasuwa,Bardiya,55,8,24,40,16,24,40,16,24,40,16,24,40,16,24,40,16
Rasuwa,Bhaktapur,55,9,0,0,0,0,0,0,0,0,0,0,0,0,0,0,0
Rasuwa,Bhojpur,55,10,0,5,5,0,5,5,0,5,5,0,5,5,0,5,5
Rasuwa,Chitawan,55,11,51,87,36,51,87,36,51,87,36,51,87,36,51,87,36
Rasuwa,Dadeldhura,55,12,0,2,2,0,2,2,0,2,2,0,2,2,0,2,2
Rasuwa,Dailekh,55,13,2,1,-1,2,1,-1,2,1,-1,2,1,-1,2,1,-1
Rasuwa,Dang,55,14,10,25,15,10,25,15,10,25,15,10,25,15,10,25,15
Rasuwa,Darchula,55,15,0,0,0,0,0,0,0,0,0,0,0,0,0,0,0
Rasuwa,Dhading,55,16,39,78,39,39,78,39,39,78,39,39,78,39,39,78,39
Rasuwa,Dhankuta,55,17,4,7,3,4,7,3,4,7,3,4,7,3,4,7,3
Rasuwa,Dhanusha,55,18,4,21,17,4,21,17,4,21,17,4,21,17,4,21,17
Rasuwa,Dolakha,55,19,9,11,2,9,11,2,9,11,2,9,11,2,9,11,2
Rasuwa,Dolpa,55,20,0,0,0,0,0,0,0,0,0,0,0,0,0,0,0
Rasuwa,Doti,55,21,0,1,1,0,1,1,0,1,1,0,1,1,0,1,1
Rasuwa,Gorkha,55,22,16,67,51,16,67,51,16,67,51,16,67,51,16,67,51
Rasuwa,Gulmi,55,23,5,4,-1,5,4,-1,5,4,-1,5,4,-1,5,4,-1
Rasuwa,Humla,55,24,0,0,0,0,0,0,0,0,0,0,0,0,0,0,0
Rasuwa,Ilam,55,25,4,9,5,4,9,5,4,9,5,4,9,5,4,9,5
Rasuwa,Jajarkot,55,26,1,1,0,1,1,0,1,1,0,1,1,0,1,1,0
Rasuwa,Jhapa,55,27,12,27,15,12,27,15,12,27,15,12,27,15,12,27,15
Rasuwa,Jumla,55,28,0,0,0,0,0,0,0,0,0,0,0,0,0,0,0
Rasuwa,Kabhrepalanchok,55,29,28,61,33,28,61,33,28,61,33,28,61,33,28,61,33
Rasuwa,Kailali,55,30,4,21,17,4,21,17,4,21,17,4,21,17,4,21,17
Rasuwa,Kalikot,55,31,0,0,0,0,0,0,0,0,0,0,0,0,0,0,0
Rasuwa,Kanchanpur,55,32,4,9,5,4,9,5,4,9,5,4,9,5,4,9,5
Rasuwa,Kapilbastu,55,33,3,5,2,3,5,2,3,5,2,3,5,2,3,5,2
Rasuwa,Kaski,55,34,27,74,47,27,74,47,27,74,47,27,74,47,27,74,47
Rasuwa,Kathmandu,55,35,847,977,130,847,977,130,847,977,130,847,977,130,847,977,130
Rasuwa,Khotang,55,36,3,11,8,3,11,8,3,11,8,3,11,8,3,11,8
Rasuwa,Lalitpur,55,37,0,0,0,0,0,0,0,0,0,0,0,0,0,0,0
Rasuwa,Lamjung,55,38,7,14,7,7,14,7,7,14,7,7,14,7,7,14,7
Rasuwa,Mahottari,55,39,5,9,4,5,9,4,5,9,4,5,9,4,5,9,4
Rasuwa,Makawanpur,55,40,29,80,51,29,80,51,29,80,51,29,80,51,29,80,51
Rasuwa,Manang,55,41,2,2,0,2,2,0,2,2,0,2,2,0,2,2,0
Rasuwa,Morang,55,42,18,37,19,18,37,19,18,37,19,18,37,19,18,37,19
Rasuwa,Mugu,55,43,1,0,-1,1,0,-1,1,0,-1,1,0,-1,1,0,-1
Rasuwa,Mustang,55,44,3,3,0,3,3,0,3,3,0,3,3,0,3,3,0
Rasuwa,Myagdi,55,45,1,4,3,1,4,3,1,4,3,1,4,3,1,4,3
Rasuwa,Nawalparasi,55,46,7,43,36,7,43,36,7,43,36,7,43,36,7,43,36
Rasuwa,Nuwakot,55,47,459,997,538,450,959,509,440,899,459,219,379,160,175,335,160
Rasuwa,Okhaldhunga,55,48,1,6,5,1,6,5,1,6,5,1,6,5,1,6,5
Rasuwa,Palpa,55,49,6,6,0,6,6,0,6,6,0,6,6,0,6,6,0
Rasuwa,Panchthar,55,50,4,12,8,4,12,8,4,12,8,4,12,8,4,12,8
Rasuwa,Parbat,55,51,3,1,-2,3,1,-2,3,1,-2,3,1,-2,3,1,-2
Rasuwa,Parsa,55,52,9,34,25,9,34,25,9,34,25,9,34,25,9,34,25
Rasuwa,Pyuthan,55,53,0,3,3,0,3,3,0,3,3,0,3,3,0,3,3
Rasuwa,Ramechhap,55,54,2,7,5,2,7,5,2,7,5,2,7,5,2,7,5
Rasuwa,Rasuwa,55,55,0,0,0,0,0,0,0,0,0,0,0,0,0,0,0
Rasuwa,Rautahat,55,56,11,18,7,11,18,7,11,18,7,11,18,7,11,18,7
Rasuwa,Rolpa,55,57,2,5,3,2,5,3,2,5,3,2,5,3,2,5,3
Rasuwa,Rukum,55,58,2,1,-1,2,1,-1,2,1,-1,2,1,-1,2,1,-1
Rasuwa,Rupandehi,55,59,22,30,8,22,30,8,22,30,8,22,30,8,22,30,8
Rasuwa,Salyan,55,60,11,4,-7,11,4,-7,11,4,-7,11,4,-7,11,4,-7
Rasuwa,Sankhuwasabha,55,61,3,5,2,3,5,2,3,5,2,3,5,2,3,5,2
Rasuwa,Saptari,55,62,8,14,6,8,14,6,8,14,6,8,14,6,8,14,6
Rasuwa,Sarlahi,55,63,20,15,-5,20,15,-5,20,15,-5,20,15,-5,20,15,-5
Rasuwa,Sindhuli,55,64,17,33,16,17,33,16,17,33,16,17,33,16,17,33,16
Rasuwa,Sindhupalchok,55,65,14,28,14,14,28,14,14,28,14,14,28,14,14,28,14
Rasuwa,Siraha,55,66,1,9,8,1,9,8,1,9,8,1,9,8,1,9,8
Rasuwa,Solukhumbu,55,67,6,13,7,6,13,7,6,13,7,6,13,7,6,13,7
Rasuwa,Sunsari,55,68,11,27,16,11,27,16,11,27,16,11,27,16,11,27,16
Rasuwa,Surkhet,55,69,4,10,6,4,10,6,4,10,6,4,10,6,4,10,6
Rasuwa,Syangja,55,70,8,22,14,8,22,14,8,22,14,8,22,14,8,22,14
Rasuwa,Tanahu,55,71,14,27,13,14,27,13,14,27,13,14,27,13,14,27,13
Rasuwa,Taplejung,55,72,0,2,2,0,2,2,0,2,2,0,2,2,0,2,2
Rasuwa,Terhathum,55,73,1,2,1,1,2,1,1,2,1,1,2,1,1,2,1
Rasuwa,Udayapur,55,74,8,14,6,8,14,6,8,14,6,8,14,6,8,14,6
Rautahat,Achham,56,0,3,3,0,3,3,0,3,3,0,3,3,0,3,3,0
Rautahat,Arghakhanchi,56,1,12,23,11,12,23,11,12,23,11,12,23,11,12,23,11
Rautahat,Baglung,56,2,28,33,5,28,33,5,28,33,5,28,33,5,28,33,5
Rautahat,Baitadi,56,3,2,4,2,2,4,2,2,4,2,2,4,2,2,4,2
Rautahat,Bajhang,56,4,0,0,0,0,0,0,0,0,0,0,0,0,0,0,0
Rautahat,Bajura,56,5,0,0,0,0,0,0,0,0,0,0,0,0,0,0,0
Rautahat,Banke,56,6,63,88,25,63,88,25,63,88,25,63,88,25,63,88,25
Rautahat,Bara,56,7,7027,11025,3998,6648,10725,4077,5715,9225,3510,4593,7472,2879,3361,5391,2030
Rautahat,Bardiya,56,8,20,59,39,20,59,39,20,59,39,20,59,39,20,59,39
Rautahat,Bhaktapur,56,9,0,0,0,0,0,0,0,0,0,0,0,0,0,0,0
Rautahat,Bhojpur,56,10,6,7,1,6,7,1,6,7,1,6,7,1,6,7,1
Rautahat,Chitawan,56,11,905,1262,357,905,1262,357,905,1262,357,905,1262,357,905,1262,357
Rautahat,Dadeldhura,56,12,1,2,1,1,2,1,1,2,1,1,2,1,1,2,1
Rautahat,Dailekh,56,13,12,14,2,12,14,2,12,14,2,12,14,2,12,14,2
Rautahat,Dang,56,14,56,100,44,56,100,44,56,100,44,56,100,44,56,100,44
Rautahat,Darchula,56,15,9,15,6,9,15,6,9,15,6,9,15,6,9,15,6
Rautahat,Dhading,56,16,128,199,71,128,199,71,128,199,71,128,199,71,128,199,71
Rautahat,Dhankuta,56,17,11,26,15,11,26,15,11,26,15,11,26,15,11,26,15
Rautahat,Dhanusha,56,18,798,1094,296,798,1094,296,798,1094,296,798,1094,296,798,1094,296
Rautahat,Dolakha,56,19,46,14,-32,46,14,-32,46,14,-32,46,14,-32,46,14,-32
Rautahat,Dolpa,56,20,1,1,0,1,1,0,1,1,0,1,1,0,1,1,0
Rautahat,Doti,56,21,1,9,8,1,9,8,1,9,8,1,9,8,1,9,8
Rautahat,Gorkha,56,22,131,203,72,131,203,72,131,203,72,131,203,72,131,203,72
Rautahat,Gulmi,56,23,10,22,12,10,22,12,10,22,12,10,22,12,10,22,12
Rautahat,Humla,56,24,1,2,1,1,2,1,1,2,1,1,2,1,1,2,1
Rautahat,Ilam,56,25,14,48,34,14,48,34,14,48,34,14,48,34,14,48,34
Rautahat,Jajarkot,56,26,1,2,1,1,2,1,1,2,1,1,2,1,1,2,1
Rautahat,Jhapa,56,27,156,249,93,156,249,93,156,249,93,156,249,93,156,249,93
Rautahat,Jumla,56,28,2,3,1,2,3,1,2,3,1,2,3,1,2,3,1
Rautahat,Kabhrepalanchok,56,29,135,249,114,135,249,114,135,249,114,135,249,114,135,249,114
Rautahat,Kailali,56,30,49,79,30,49,79,30,49,79,30,49,79,30,49,79,30
Rautahat,Kalikot,56,31,1,1,0,1,1,0,1,1,0,1,1,0,1,1,0
Rautahat,Kanchanpur,56,32,22,40,18,22,40,18,22,40,18,22,40,18,22,40,18
Rautahat,Kapilbastu,56,33,50,61,11,50,61,11,50,61,11,50,61,11,50,61,11
Rautahat,Kaski,56,34,330,485,155,330,485,155,330,485,155,330,485,155,330,485,155
Rautahat,Kathmandu,56,35,5350,3854,-1496,5350,3854,-1496,5350,3854,-1496,5350,3854,-1496,5350,3854,-1496
Rautahat,Khotang,56,36,12,20,8,12,20,8,12,20,8,12,20,8,12,20,8
Rautahat,Lalitpur,56,37,0,0,0,0,0,0,0,0,0,0,0,0,0,0,0
Rautahat,Lamjung,56,38,33,51,18,33,51,18,33,51,18,33,51,18,33,51,18
Rautahat,Mahottari,56,39,417,732,315,417,732,315,417,732,315,417,732,315,417,732,315
Rautahat,Makawanpur,56,40,886,1144,258,886,1144,258,886,1144,258,886,1144,258,886,1144,258
Rautahat,Manang,56,41,0,2,2,0,2,2,0,2,2,0,2,2,0,2,2
Rautahat,Morang,56,42,174,271,97,174,271,97,174,271,97,174,271,97,174,271,97
Rautahat,Mugu,56,43,0,0,0,0,0,0,0,0,0,0,0,0,0,0,0
Rautahat,Mustang,56,44,2,5,3,2,5,3,2,5,3,2,5,3,2,5,3
Rautahat,Myagdi,56,45,11,24,13,11,24,13,11,24,13,11,24,13,11,24,13
Rautahat,Nawalparasi,56,46,240,395,155,240,395,155,240,395,155,240,395,155,240,395,155
Rautahat,Nuwakot,56,47,67,64,-3,67,64,-3,67,64,-3,67,64,-3,67,64,-3
Rautahat,Okhaldhunga,56,48,3,18,15,3,18,15,3,18,15,3,18,15,3,18,15
Rautahat,Palpa,56,49,28,36,8,28,36,8,28,36,8,28,36,8,28,36,8
Rautahat,Panchthar,56,50,11,24,13,11,24,13,11,24,13,11,24,13,11,24,13
Rautahat,Parbat,56,51,21,32,11,21,32,11,21,32,11,21,32,11,21,32,11
Rautahat,Parsa,56,52,1951,2639,688,1951,2639,688,1951,2639,688,1951,2639,688,1951,2639,688
Rautahat,Pyuthan,56,53,15,12,-3,15,12,-3,15,12,-3,15,12,-3,15,12,-3
Rautahat,Ramechhap,56,54,15,29,14,15,29,14,15,29,14,15,29,14,15,29,14
Rautahat,Rasuwa,56,55,16,4,-12,16,4,-12,16,4,-12,16,4,-12,16,4,-12
Rautahat,Rautahat,56,56,0,0,0,0,0,0,0,0,0,0,0,0,0,0,0
Rautahat,Rolpa,56,57,9,11,2,9,11,2,9,11,2,9,11,2,9,11,2
Rautahat,Rukum,56,58,4,3,-1,4,3,-1,4,3,-1,4,3,-1,4,3,-1
Rautahat,Rupandehi,56,59,229,269,40,229,269,40,229,269,40,229,269,40,229,269,40
Rautahat,Salyan,56,60,10,10,0,10,10,0,10,10,0,10,10,0,10,10,0
Rautahat,Sankhuwasabha,56,61,20,32,12,20,32,12,20,32,12,20,32,12,20,32,12
Rautahat,Saptari,56,62,140,235,95,140,235,95,140,235,95,140,235,95,140,235,95
Rautahat,Sarlahi,56,63,5588,9105,3517,5150,8432,3282,4310,7085,2775,3422,5655,2233,2425,4022,1597
Rautahat,Sindhuli,56,64,184,331,147,184,331,147,184,331,147,184,331,147,184,331,147
Rautahat,Sindhupalchok,56,65,23,29,6,23,29,6,23,29,6,23,29,6,23,29,6
Rautahat,Siraha,56,66,272,484,212,272,484,212,272,484,212,272,484,212,272,484,212
Rautahat,Solukhumbu,56,67,5,8,3,5,8,3,5,8,3,5,8,3,5,8,3
Rautahat,Sunsari,56,68,183,290,107,183,290,107,183,290,107,183,290,107,183,290,107
Rautahat,Surkhet,56,69,34,60,26,34,60,26,34,60,26,34,60,26,34,60,26
Rautahat,Syangja,56,70,39,75,36,39,75,36,39,75,36,39,75,36,39,75,36
Rautahat,Tanahu,56,71,133,206,73,133,206,73,133,206,73,133,206,73,133,206,73
Rautahat,Taplejung,56,72,5,5,0,5,5,0,5,5,0,5,5,0,5,5,0
Rautahat,Terhathum,56,73,6,17,11,6,17,11,6,17,11,6,17,11,6,17,11
Rautahat,Udayapur,56,74,78,107,29,78,107,29,78,107,29,78,107,29,78,107,29
Rolpa,Achham,57,0,6,6,0,6,6,0,6,6,0,6,6,0,6,6,0
Rolpa,Arghakhanchi,57,1,70,160,90,70,160,90,70,160,90,70,160,90,70,160,90
Rolpa,Baglung,57,2,22,24,2,22,24,2,22,24,2,22,24,2,22,24,2
Rolpa,Baitadi,57,3,4,4,0,4,4,0,4,4,0,4,4,0,4,4,0
Rolpa,Bajhang,57,4,0,1,1,0,1,1,0,1,1,0,1,1,0,1,1
Rolpa,Bajura,57,5,0,0,0,0,0,0,0,0,0,0,0,0,0,0,0
Rolpa,Banke,57,6,118,181,63,118,181,63,118,181,63,118,181,63,118,181,63
Rolpa,Bara,57,7,7,20,13,7,20,13,7,20,13,7,20,13,7,20,13
Rolpa,Bardiya,57,8,33,62,29,33,62,29,33,62,29,33,62,29,33,62,29
Rolpa,Bhaktapur,57,9,0,0,0,0,0,0,0,0,0,0,0,0,0,0,0
Rolpa,Bhojpur,57,10,1,2,1,1,2,1,1,2,1,1,2,1,1,2,1
Rolpa,Chitawan,57,11,56,66,10,56,66,10,56,66,10,56,66,10,56,66,10
Rolpa,Dadeldhura,57,12,5,6,1,5,6,1,5,6,1,5,6,1,5,6,1
Rolpa,Dailekh,57,13,11,13,2,11,13,2,11,13,2,11,13,2,11,13,2
Rolpa,Dang,57,14,1610,2583,973,1610,2583,973,1610,2583,973,1394,2300,906,1272,2148,876
Rolpa,Darchula,57,15,1,2,1,1,2,1,1,2,1,1,2,1,1,2,1
Rolpa,Dhading,57,16,12,27,15,12,27,15,12,27,15,12,27,15,12,27,15
Rolpa,Dhankuta,57,17,5,11,6,5,11,6,5,11,6,5,11,6,5,11,6
Rolpa,Dhanusha,57,18,8,14,6,8,14,6,8,14,6,8,14,6,8,14,6
Rolpa,Dolakha,57,19,5,2,-3,5,2,-3,5,2,-3,5,2,-3,5,2,-3
Rolpa,Dolpa,57,20,2,0,-2,2,0,-2,2,0,-2,2,0,-2,2,0,-2
Rolpa,Doti,57,21,10,11,1,10,11,1,10,11,1,10,11,1,10,11,1
Rolpa,Gorkha,57,22,11,41,30,11,41,30,11,41,30,11,41,30,11,41,30
Rolpa,Gulmi,57,23,11,26,15,11,26,15,11,26,15,11,26,15,11,26,15
Rolpa,Humla,57,24,1,3,2,1,3,2,1,3,2,1,3,2,1,3,2
Rolpa,Ilam,57,25,2,5,3,2,5,3,2,5,3,2,5,3,2,5,3
Rolpa,Jajarkot,57,26,4,8,4,4,8,4,4,8,4,4,8,4,4,8,4
Rolpa,Jhapa,57,27,9,15,6,9,15,6,9,15,6,9,15,6,9,15,6
Rolpa,Jumla,57,28,0,2,2,0,2,2,0,2,2,0,2,2,0,2,2
Rolpa,Kabhrepalanchok,57,29,17,46,29,17,46,29,17,46,29,17,46,29,17,46,29
Rolpa,Kailali,57,30,29,26,-3,29,26,-3,29,26,-3,29,26,-3,29,26,-3
Rolpa,Kalikot,57,31,0,0,0,0,0,0,0,0,0,0,0,0,0,0,0
Rolpa,Kanchanpur,57,32,18,20,2,18,20,2,18,20,2,18,20,2,18,20,2
Rolpa,Kapilbastu,57,33,67,136,69,67,136,69,67,136,69,67,136,69,67,136,69
Rolpa,Kaski,57,34,62,102,40,62,102,40,62,102,40,62,102,40,62,102,40
Rolpa,Kathmandu,57,35,524,655,131,524,655,131,524,655,131,524,655,131,524,655,131
Rolpa,Khotang,57,36,3,1,-2,3,1,-2,3,1,-2,3,1,-2,3,1,-2
Rolpa,Lalitpur,57,37,0,0,0,0,0,0,0,0,0,0,0,0,0,0,0
Rolpa,Lamjung,57,38,13,31,18,13,31,18,13,31,18,13,31,18,13,31,18
Rolpa,Mahottari,57,39,2,6,4,2,6,4,2,6,4,2,6,4,2,6,4
Rolpa,Makawanpur,57,40,18,24,6,18,24,6,18,24,6,18,24,6,18,24,6
Rolpa,Manang,57,41,0,0,0,0,0,0,0,0,0,0,0,0,0,0,0
Rolpa,Morang,57,42,12,18,6,12,18,6,12,18,6,12,18,6,12,18,6
Rolpa,Mugu,57,43,0,1,1,0,1,1,0,1,1,0,1,1,0,1,1
Rolpa,Mustang,57,44,1,4,3,1,4,3,1,4,3,1,4,3,1,4,3
Rolpa,Myagdi,57,45,5,7,2,5,7,2,5,7,2,5,7,2,5,7,2
Rolpa,Nawalparasi,57,46,35,57,22,35,57,22,35,57,22,35,57,22,35,57,22
Rolpa,Nuwakot,57,47,6,10,4,6,10,4,6,10,4,6,10,4,6,10,4
Rolpa,Okhaldhunga,57,48,1,2,1,1,2,1,1,2,1,1,2,1,1,2,1
Rolpa,Palpa,57,49,21,39,18,21,39,18,21,39,18,21,39,18,21,39,18
Rolpa,Panchthar,57,50,4,4,0,4,4,0,4,4,0,4,4,0,4,4,0
Rolpa,Parbat,57,51,8,22,14,8,22,14,8,22,14,8,22,14,8,22,14
Rolpa,Parsa,57,52,6,10,4,6,10,4,6,10,4,6,10,4,6,10,4
Rolpa,Pyuthan,57,53,827,1505,678,827,1505,678,678,1157,479,408,708,300,314,511,197
Rolpa,Ramechhap,57,54,0,2,2,0,2,2,0,2,2,0,2,2,0,2,2
Rolpa,Rasuwa,57,55,0,0,0,0,0,0,0,0,0,0,0,0,0,0,0
Rolpa,Rautahat,57,56,8,20,12,8,20,12,8,20,12,8,20,12,8,20,12
Rolpa,Rolpa,57,57,0,0,0,0,0,0,0,0,0,0,0,0,0,0,0
Rolpa,Rukum,57,58,14,42,28,14,42,28,14,42,28,14,42,28,14,42,28
Rolpa,Rupandehi,57,59,86,167,81,86,167,81,86,167,81,86,167,81,86,167,81
Rolpa,Salyan,57,60,828,1023,195,828,1023,195,412,524,112,297,370,73,250,311,61
Rolpa,Sankhuwasabha,57,61,3,6,3,3,6,3,3,6,3,3,6,3,3,6,3
Rolpa,Saptari,57,62,3,11,8,3,11,8,3,11,8,3,11,8,3,11,8
Rolpa,Sarlahi,57,63,3,16,13,3,16,13,3,16,13,3,16,13,3,16,13
Rolpa,Sindhuli,57,64,4,11,7,4,11,7,4,11,7,4,11,7,4,11,7
Rolpa,Sindhupalchok,57,65,6,7,1,6,7,1,6,7,1,6,7,1,6,7,1
Rolpa,Siraha,57,66,5,4,-1,5,4,-1,5,4,-1,5,4,-1,5,4,-1
Rolpa,Solukhumbu,57,67,2,2,0,2,2,0,2,2,0,2,2,0,2,2,0
Rolpa,Sunsari,57,68,7,13,6,7,13,6,7,13,6,7,13,6,7,13,6
Rolpa,Surkhet,57,69,28,56,28,28,56,28,28,56,28,28,56,28,28,56,28
Rolpa,Syangja,57,70,14,35,21,14,35,21,14,35,21,14,35,21,14,35,21
Rolpa,Tanahu,57,71,27,41,14,27,41,14,27,41,14,27,41,14,27,41,14
Rolpa,Taplejung,57,72,0,0,0,0,0,0,0,0,0,0,0,0,0,0,0
Rolpa,Terhathum,57,73,0,3,3,0,3,3,0,3,3,0,3,3,0,3,3
Rolpa,Udayapur,57,74,5,2,-3,5,2,-3,5,2,-3,5,2,-3,5,2,-3
Rukum,Achham,58,0,2,3,1,2,3,1,2,3,1,2,3,1,2,3,1
Rukum,Arghakhanchi,58,1,6,13,7,6,13,7,6,13,7,6,13,7,6,13,7
Rukum,Baglung,58,2,9,24,15,9,24,15,9,24,15,9,24,15,9,24,15
Rukum,Baitadi,58,3,2,8,6,2,8,6,2,8,6,2,8,6,2,8,6
Rukum,Bajhang,58,4,1,0,-1,1,0,-1,1,0,-1,1,0,-1,1,0,-1
Rukum,Bajura,58,5,0,3,3,0,3,3,0,3,3,0,3,3,0,3,3
Rukum,Banke,58,6,249,486,237,249,486,237,249,486,237,249,486,237,249,486,237
Rukum,Bara,58,7,12,12,0,12,12,0,12,12,0,12,12,0,12,12,0
Rukum,Bardiya,58,8,75,149,74,75,149,74,75,149,74,75,149,74,75,149,74
Rukum,Bhaktapur,58,9,0,0,0,0,0,0,0,0,0,0,0,0,0,0,0
Rukum,Bhojpur,58,10,0,1,1,0,1,1,0,1,1,0,1,1,0,1,1
Rukum,Chitawan,58,11,26,54,28,26,54,28,26,54,28,26,54,28,26,54,28
Rukum,Dadeldhura,58,12,0,4,4,0,4,4,0,4,4,0,4,4,0,4,4
Rukum,Dailekh,58,13,17,28,11,17,28,11,17,28,11,17,28,11,17,28,11
Rukum,Dang,58,14,487,835,348,487,835,348,487,835,348,487,835,348,487,835,348
Rukum,Darchula,58,15,1,1,0,1,1,0,1,1,0,1,1,0,1,1,0
Rukum,Dhading,58,16,5,22,17,5,22,17,5,22,17,5,22,17,5,22,17
Rukum,Dhankuta,58,17,2,9,7,2,9,7,2,9,7,2,9,7,2,9,7
Rukum,Dhanusha,58,18,4,7,3,4,7,3,4,7,3,4,7,3,4,7,3
Rukum,Dolakha,58,19,4,1,-3,4,1,-3,4,1,-3,4,1,-3,4,1,-3
Rukum,Dolpa,58,20,3,14,11,3,14,11,3,14,11,3,14,11,3,14,11
Rukum,Doti,58,21,1,5,4,1,5,4,1,5,4,1,5,4,1,5,4
Rukum,Gorkha,58,22,20,42,22,20,42,22,20,42,22,20,42,22,20,42,22
Rukum,Gulmi,58,23,4,9,5,4,9,5,4,9,5,4,9,5,4,9,5
Rukum,Humla,58,24,1,1,0,1,1,0,1,1,0,1,1,0,1,1,0
Rukum,Ilam,58,25,4,3,-1,4,3,-1,4,3,-1,4,3,-1,4,3,-1
Rukum,Jajarkot,58,26,503,722,219,503,722,219,503,722,219,121,196,75,107,173,66
Rukum,Jhapa,58,27,7,13,6,7,13,6,7,13,6,7,13,6,7,13,6
Rukum,Jumla,58,28,1,0,-1,1,0,-1,1,0,-1,1,0,-1,1,0,-1
Rukum,Kabhrepalanchok,58,29,5,24,19,5,24,19,5,24,19,5,24,19,5,24,19
Rukum,Kailali,58,30,19,37,18,19,37,18,19,37,18,19,37,18,19,37,18
Rukum,Kalikot,58,31,0,0,0,0,0,0,0,0,0,0,0,0,0,0,0
Rukum,Kanchanpur,58,32,11,19,8,11,19,8,11,19,8,11,19,8,11,19,8
Rukum,Kapilbastu,58,33,16,18,2,16,18,2,16,18,2,16,18,2,16,18,2
Rukum,Kaski,58,34,24,42,18,24,42,18,24,42,18,24,42,18,24,42,18
Rukum,Kathmandu,58,35,294,350,56,294,350,56,294,350,56,294,350,56,294,350,56
Rukum,Khotang,58,36,1,2,1,1,2,1,1,2,1,1,2,1,1,2,1
Rukum,Lalitpur,58,37,0,0,0,0,0,0,0,0,0,0,0,0,0,0,0
Rukum,Lamjung,58,38,8,8,0,8,8,0,8,8,0,8,8,0,8,8,0
Rukum,Mahottari,58,39,5,9,4,5,9,4,5,9,4,5,9,4,5,9,4
Rukum,Makawanpur,58,40,17,18,1,17,18,1,17,18,1,17,18,1,17,18,1
Rukum,Manang,58,41,1,0,-1,1,0,-1,1,0,-1,1,0,-1,1,0,-1
Rukum,Morang,58,42,7,14,7,7,14,7,7,14,7,7,14,7,7,14,7
Rukum,Mugu,58,43,1,0,-1,1,0,-1,1,0,-1,1,0,-1,1,0,-1
Rukum,Mustang,58,44,0,2,2,0,2,2,0,2,2,0,2,2,0,2,2
Rukum,Myagdi,58,45,1,2,1,1,2,1,1,2,1,1,2,1,1,2,1
Rukum,Nawalparasi,58,46,12,37,25,12,37,25,12,37,25,12,37,25,12,37,25
Rukum,Nuwakot,58,47,3,9,6,3,9,6,3,9,6,3,9,6,3,9,6
Rukum,Okhaldhunga,58,48,0,2,2,0,2,2,0,2,2,0,2,2,0,2,2
Rukum,Palpa,58,49,3,11,8,3,11,8,3,11,8,3,11,8,3,11,8
Rukum,Panchthar,58,50,0,2,2,0,2,2,0,2,2,0,2,2,0,2,2
Rukum,Parbat,58,51,3,4,1,3,4,1,3,4,1,3,4,1,3,4,1
Rukum,Parsa,58,52,10,9,-1,10,9,-1,10,9,-1,10,9,-1,10,9,-1
Rukum,Pyuthan,58,53,25,27,2,25,27,2,25,27,2,25,27,2,25,27,2
Rukum,Ramechhap,58,54,1,0,-1,1,0,-1,1,0,-1,1,0,-1,1,0,-1
Rukum,Rasuwa,58,55,0,1,1,0,1,1,0,1,1,0,1,1,0,1,1
Rukum,Rautahat,58,56,6,5,-1,6,5,-1,6,5,-1,6,5,-1,6,5,-1
Rukum,Rolpa,58,57,24,40,16,24,40,16,24,40,16,24,40,16,24,40,16
Rukum,Rukum,58,58,0,0,0,0,0,0,0,0,0,0,0,0,0,0,0
Rukum,Rupandehi,58,59,26,61,35,26,61,35,26,61,35,26,61,35,26,61,35
Rukum,Salyan,58,60,1169,1410,241,1169,1410,241,809,978,169,485,548,63,447,483,36
Rukum,Sankhuwasabha,58,61,0,7,7,0,7,7,0,7,7,0,7,7,0,7,7
Rukum,Saptari,58,62,8,10,2,8,10,2,8,10,2,8,10,2,8,10,2
Rukum,Sarlahi,58,63,4,7,3,4,7,3,4,7,3,4,7,3,4,7,3
Rukum,Sindhuli,58,64,3,7,4,3,7,4,3,7,4,3,7,4,3,7,4
Rukum,Sindhupalchok,58,65,1,3,2,1,3,2,1,3,2,1,3,2,1,3,2
Rukum,Siraha,58,66,4,9,5,4,9,5,4,9,5,4,9,5,4,9,5
Rukum,Solukhumbu,58,67,0,0,0,0,0,0,0,0,0,0,0,0,0,0,0
Rukum,Sunsari,58,68,8,15,7,8,15,7,8,15,7,8,15,7,8,15,7
Rukum,Surkhet,58,69,132,238,106,132,238,106,132,238,106,132,238,106,132,238,106
Rukum,Syangja,58,70,7,8,1,7,8,1,7,8,1,7,8,1,7,8,1
Rukum,Tanahu,58,71,18,15,-3,18,15,-3,18,15,-3,18,15,-3,18,15,-3
Rukum,Taplejung,58,72,0,2,2,0,2,2,0,2,2,0,2,2,0,2,2
Rukum,Terhathum,58,73,1,1,0,1,1,0,1,1,0,1,1,0,1,1,0
Rukum,Udayapur,58,74,9,8,-1,9,8,-1,9,8,-1,9,8,-1,9,8,-1
Rupandehi,Achham,59,0,10,22,12,10,22,12,10,22,12,10,22,12,10,22,12
Rupandehi,Arghakhanchi,59,1,1406,2265,859,1406,2265,859,1406,2265,859,1406,2265,859,1377,2236,859
Rupandehi,Baglung,59,2,948,1364,416,948,1364,416,948,1364,416,948,1364,416,948,1364,416
Rupandehi,Baitadi,59,3,24,29,5,24,29,5,24,29,5,24,29,5,24,29,5
Rupandehi,Bajhang,59,4,0,1,1,0,1,1,0,1,1,0,1,1,0,1,1
Rupandehi,Bajura,59,5,1,3,2,1,3,2,1,3,2,1,3,2,1,3,2
Rupandehi,Banke,59,6,654,744,90,654,744,90,654,744,90,654,744,90,654,744,90
Rupandehi,Bara,59,7,471,651,180,471,651,180,471,651,180,471,651,180,471,651,180
Rupandehi,Bardiya,59,8,527,704,177,527,704,177,527,704,177,527,704,177,527,704,177
Rupandehi,Bhaktapur,59,9,0,0,0,0,0,0,0,0,0,0,0,0,0,0,0
Rupandehi,Bhojpur,59,10,22,36,14,22,36,14,22,36,14,22,36,14,22,36,14
Rupandehi,Chitawan,59,11,1943,2408,465,1943,2408,465,1943,2408,465,1943,2408,465,1943,2408,465
Rupandehi,Dadeldhura,59,12,12,25,13,12,25,13,12,25,13,12,25,13,12,25,13
Rupandehi,Dailekh,59,13,71,87,16,71,87,16,71,87,16,71,87,16,71,87,16
Rupandehi,Dang,59,14,1655,2180,525,1655,2180,525,1655,2180,525,1655,2180,525,1655,2180,525
Rupandehi,Darchula,59,15,15,19,4,15,19,4,15,19,4,15,19,4,15,19,4
Rupandehi,Dhading,59,16,268,377,109,268,377,109,268,377,109,268,377,109,268,377,109
Rupandehi,Dhankuta,59,17,37,78,41,37,78,41,37,78,41,37,78,41,37,78,41
Rupandehi,Dhanusha,59,18,196,289,93,196,289,93,196,289,93,196,289,93,196,289,93
Rupandehi,Dolakha,59,19,31,12,-19,31,12,-19,31,12,-19,31,12,-19,31,12,-19
Rupandehi,Dolpa,59,20,4,4,0,4,4,0,4,4,0,4,4,0,4,4,0
Rupandehi,Doti,59,21,18,33,15,18,33,15,18,33,15,18,33,15,18,33,15
Rupandehi,Gorkha,59,22,350,700,350,350,700,350,350,700,350,350,700,350,350,700,350
Rupandehi,Gulmi,59,23,1966,3231,1265,1966,3231,1265,1966,3231,1265,1966,3231,1265,1966,3231,1265
Rupandehi,Humla,59,24,3,2,-1,3,2,-1,3,2,-1,3,2,-1,3,2,-1
Rupandehi,Ilam,59,25,83,76,-7,83,76,-7,83,76,-7,83,76,-7,83,76,-7
Rupandehi,Jajarkot,59,26,5,8,3,5,8,3,5,8,3,5,8,3,5,8,3
Rupandehi,Jhapa,59,27,320,509,189,320,509,189,320,509,189,320,509,189,320,509,189
Rupandehi,Jumla,59,28,3,7,4,3,7,4,3,7,4,3,7,4,3,7,4
Rupandehi,Kabhrepalanchok,59,29,143,186,43,143,186,43,143,186,43,143,186,43,143,186,43
Rupandehi,Kailali,59,30,410,532,122,410,532,122,410,532,122,410,532,122,410,532,122
Rupandehi,Kalikot,59,31,6,6,0,6,6,0,6,6,0,6,6,0,6,6,0
Rupandehi,Kanchanpur,59,32,237,307,70,237,307,70,237,307,70,237,307,70,237,307,70
Rupandehi,Kapilbastu,59,33,9152,13652,4500,8905,13319,4414,7429,11298,3869,6373,9637,3264,5359,8191,2832
Rupandehi,Kaski,59,34,2215,2522,307,2215,2522,307,2215,2522,307,2215,2522,307,2215,2522,307
Rupandehi,Kathmandu,59,35,7166,5785,-1381,7166,5785,-1381,7166,5785,-1381,7166,5785,-1381,7166,5785,-1381
Rupandehi,Khotang,59,36,26,39,13,26,39,13,26,39,13,26,39,13,26,39,13
Rupandehi,Lalitpur,59,37,0,0,0,0,0,0,0,0,0,0,0,0,0,0,0
Rupandehi,Lamjung,59,38,116,189,73,116,189,73,116,189,73,116,189,73,116,189,73
Rupandehi,Mahottari,59,39,129,208,79,129,208,79,129,208,79,129,208,79,129,208,79
Rupandehi,Makawanpur,59,40,326,491,165,326,491,165,326,491,165,326,491,165,326,491,165
Rupandehi,Manang,59,41,1,5,4,1,5,4,1,5,4,1,5,4,1,5,4
Rupandehi,Morang,59,42,368,517,149,368,517,149,368,517,149,368,517,149,368,517,149
Rupandehi,Mugu,59,43,0,4,4,0,4,4,0,4,4,0,4,4,0,4,4
Rupandehi,Mustang,59,44,16,27,11,16,27,11,16,27,11,16,27,11,16,27,11
Rupandehi,Myagdi,59,45,187,185,-2,187,185,-2,187,185,-2,187,185,-2,187,185,-2
Rupandehi,Nawalparasi,59,46,10780,14072,3292,10682,13963,3281,9807,12848,3041,8709,11501,2792,7587,10004,2417
Rupandehi,Nuwakot,59,47,72,102,30,72,102,30,72,102,30,72,102,30,72,102,30
Rupandehi,Okhaldhunga,59,48,10,9,-1,10,9,-1,10,9,-1,10,9,-1,10,9,-1
Rupandehi,Palpa,59,49,2867,3900,1033,2867,3900,1033,2867,3900,1033,2641,3594,953,2107,2777,670
Rupandehi,Panchthar,59,50,33,56,23,33,56,23,33,56,23,33,56,23,33,56,23
Rupandehi,Parbat,59,51,248,342,94,248,342,94,248,342,94,248,342,94,248,342,94
Rupandehi,Parsa,59,52,488,693,205,488,693,205,488,693,205,488,693,205,488,693,205
Rupandehi,Pyuthan,59,53,357,503,146,357,503,146,357,503,146,357,503,146,357,503,146
Rupandehi,Ramechhap,59,54,13,14,1,13,14,1,13,14,1,13,14,1,13,14,1
Rupandehi,Rasuwa,59,55,19,3,-16,19,3,-16,19,3,-16,19,3,-16,19,3,-16
Rupandehi,Rautahat,59,56,220,402,182,220,402,182,220,402,182,220,402,182,220,402,182
Rupandehi,Rolpa,59,57,99,155,56,99,155,56,99,155,56,99,155,56,99,155,56
Rupandehi,Rukum,59,58,29,35,6,29,35,6,29,35,6,29,35,6,29,35,6
Rupandehi,Rupandehi,59,59,0,0,0,0,0,0,0,0,0,0,0,0,0,0,0
Rupandehi,Salyan,59,60,100,111,11,100,111,11,100,111,11,100,111,11,100,111,11
Rupandehi,Sankhuwasabha,59,61,20,48,28,20,48,28,20,48,28,20,48,28,20,48,28
Rupandehi,Saptari,59,62,241,301,60,241,301,60,241,301,60,241,301,60,241,301,60
Rupandehi,Sarlahi,59,63,191,350,159,191,350,159,191,350,159,191,350,159,191,350,159
Rupandehi,Sindhuli,59,64,82,121,39,82,121,39,82,121,39,82,121,39,82,121,39
Rupandehi,Sindhupalchok,59,65,42,56,14,42,56,14,42,56,14,42,56,14,42,56,14
Rupandehi,Siraha,59,66,89,178,89,89,178,89,89,178,89,89,178,89,89,178,89
Rupandehi,Solukhumbu,59,67,7,24,17,7,24,17,7,24,17,7,24,17,7,24,17
Rupandehi,Sunsari,59,68,291,435,144,291,435,144,291,435,144,291,435,144,291,435,144
Rupandehi,Surkhet,59,69,195,249,54,195,249,54,195,249,54,195,249,54,195,249,54
Rupandehi,Syangja,59,70,2785,3601,816,2785,3601,816,2785,3601,816,2785,3601,816,2785,3601,816
Rupandehi,Tanahu,59,71,609,888,279,609,888,279,609,888,279,609,888,279,609,888,279
Rupandehi,Taplejung,59,72,6,7,1,6,7,1,6,7,1,6,7,1,6,7,1
Rupandehi,Terhathum,59,73,12,19,7,12,19,7,12,19,7,12,19,7,12,19,7
Rupandehi,Udayapur,59,74,87,136,49,87,136,49,87,136,49,87,136,49,87,136,49
Salyan,Achham,60,0,6,9,3,6,9,3,6,9,3,6,9,3,6,9,3
Salyan,Arghakhanchi,60,1,22,56,34,22,56,34,22,56,34,22,56,34,22,56,34
Salyan,Baglung,60,2,16,40,24,16,40,24,16,40,24,16,40,24,16,40,24
Salyan,Baitadi,60,3,2,9,7,2,9,7,2,9,7,2,9,7,2,9,7
Salyan,Bajhang,60,4,0,0,0,0,0,0,0,0,0,0,0,0,0,0,0
Salyan,Bajura,60,5,1,1,0,1,1,0,1,1,0,1,1,0,1,1,0
Salyan,Banke,60,6,728,1315,587,728,1315,587,728,1315,587,728,1315,587,714,1292,578
Salyan,Bara,60,7,18,15,-3,18,15,-3,18,15,-3,18,15,-3,18,15,-3
Salyan,Bardiya,60,8,171,399,228,171,399,228,171,399,228,171,399,228,171,399,228
Salyan,Bhaktapur,60,9,0,0,0,0,0,0,0,0,0,0,0,0,0,0,0
Salyan,Bhojpur,60,10,3,1,-2,3,1,-2,3,1,-2,3,1,-2,3,1,-2
Salyan,Chitawan,60,11,61,100,39,61,100,39,61,100,39,61,100,39,61,100,39
Salyan,Dadeldhura,60,12,7,7,0,7,7,0,7,7,0,7,7,0,7,7,0
Salyan,Dailekh,60,13,28,49,21,28,49,21,28,49,21,28,49,21,28,49,21
Salyan,Dang,60,14,3530,5172,1642,3530,5172,1642,3163,4818,1655,2996,4589,1593,2717,4212,1495
Salyan,Darchula,60,15,0,3,3,0,3,3,0,3,3,0,3,3,0,3,3
Salyan,Dhading,60,16,31,43,12,31,43,12,31,43,12,31,43,12,31,43,12
Salyan,Dhankuta,60,17,9,16,7,9,16,7,9,16,7,9,16,7,9,16,7
Salyan,Dhanusha,60,18,12,20,8,12,20,8,12,20,8,12,20,8,12,20,8
Salyan,Dolakha,60,19,4,2,-2,4,2,-2,4,2,-2,4,2,-2,4,2,-2
Salyan,Dolpa,60,20,14,11,-3,14,11,-3,14,11,-3,14,11,-3,14,11,-3
Salyan,Doti,60,21,9,10,1,9,10,1,9,10,1,9,10,1,9,10,1
Salyan,Gorkha,60,22,11,44,33,11,44,33,11,44,33,11,44,33,11,44,33
Salyan,Gulmi,60,23,8,18,10,8,18,10,8,18,10,8,18,10,8,18,10
Salyan,Humla,60,24,3,2,-1,3,2,-1,3,2,-1,3,2,-1,3,2,-1
Salyan,Ilam,60,25,6,16,10,6,16,10,6,16,10,6,16,10,6,16,10
Salyan,Jajarkot,60,26,565,715,150,565,715,150,565,715,150,565,715,150,466,591,125
Salyan,Jhapa,60,27,12,30,18,12,30,18,12,30,18,12,30,18,12,30,18
Salyan,Jumla,60,28,2,9,7,2,9,7,2,9,7,2,9,7,2,9,7
Salyan,Kabhrepalanchok,60,29,24,51,27,24,51,27,24,51,27,24,51,27,24,51,27
Salyan,Kailali,60,30,62,106,44,62,106,44,62,106,44,62,106,44,62,106,44
Salyan,Kalikot,60,31,0,5,5,0,5,5,0,5,5,0,5,5,0,5,5
Salyan,Kanchanpur,60,32,29,48,19,29,48,19,29,48,19,29,48,19,29,48,19
Salyan,Kapilbastu,60,33,36,51,15,36,51,15,36,51,15,36,51,15,36,51,15
Salyan,Kaski,60,34,104,127,23,104,127,23,104,127,23,104,127,23,104,127,23
Salyan,Kathmandu,60,35,782,771,-11,782,771,-11,782,771,-11,782,771,-11,782,771,-11
Salyan,Khotang,60,36,3,7,4,3,7,4,3,7,4,3,7,4,3,7,4
Salyan,Lalitpur,60,37,0,0,0,0,0,0,0,0,0,0,0,0,0,0,0
Salyan,Lamjung,60,38,17,25,8,17,25,8,17,25,8,17,25,8,17,25,8
Salyan,Mahottari,60,39,7,12,5,7,12,5,7,12,5,7,12,5,7,12,5
Salyan,Makawanpur,60,40,10,14,4,10,14,4,10,14,4,10,14,4,10,14,4
Salyan,Manang,60,41,0,1,1,0,1,1,0,1,1,0,1,1,0,1,1
Salyan,Morang,60,42,15,41,26,15,41,26,15,41,26,15,41,26,15,41,26
Salyan,Mugu,60,43,2,5,3,2,5,3,2,5,3,2,5,3,2,5,3
Salyan,Mustang,60,44,0,4,4,0,4,4,0,4,4,0,4,4,0,4,4
Salyan,Myagdi,60,45,9,12,3,9,12,3,9,12,3,9,12,3,9,12,3
Salyan,Nawalparasi,60,46,48,85,37,48,85,37,48,85,37,48,85,37,48,85,37
Salyan,Nuwakot,60,47,10,17,7,10,17,7,10,17,7,10,17,7,10,17,7
Salyan,Okhaldhunga,60,48,2,2,0,2,2,0,2,2,0,2,2,0,2,2,0
Salyan,Palpa,60,49,25,46,21,25,46,21,25,46,21,25,46,21,25,46,21
Salyan,Panchthar,60,50,8,5,-3,8,5,-3,8,5,-3,8,5,-3,8,5,-3
Salyan,Parbat,60,51,28,33,5,28,33,5,28,33,5,28,33,5,28,33,5
Salyan,Parsa,60,52,10,15,5,10,15,5,10,15,5,10,15,5,10,15,5
Salyan,Pyuthan,60,53,106,201,95,106,201,95,106,201,95,106,201,95,106,201,95
Salyan,Ramechhap,60,54,0,3,3,0,3,3,0,3,3,0,3,3,0,3,3
Salyan,Rasuwa,60,55,2,1,-1,2,1,-1,2,1,-1,2,1,-1,2,1,-1
Salyan,Rautahat,60,56,3,20,17,3,20,17,3,20,17,3,20,17,3,20,17
Salyan,Rolpa,60,57,905,1228,323,905,1228,323,418,629,211,303,464,161,266,400,134
Salyan,Rukum,60,58,1154,2009,855,1154,2009,855,793,1388,595,467,835,368,431,781,350
Salyan,Rupandehi,60,59,78,129,51,78,129,51,78,129,51,78,129,51,78,129,51
Salyan,Salyan,60,60,0,0,0,0,0,0,0,0,0,0,0,0,0,0,0
Salyan,Sankhuwasabha,60,61,4,11,7,4,11,7,4,11,7,4,11,7,4,11,7
Salyan,Saptari,60,62,8,10,2,8,10,2,8,10,2,8,10,2,8,10,2
Salyan,Sarlahi,60,63,12,26,14,12,26,14,12,26,14,12,26,14,12,26,14
Salyan,Sindhuli,60,64,5,11,6,5,11,6,5,11,6,5,11,6,5,11,6
Salyan,Sindhupalchok,60,65,8,7,-1,8,7,-1,8,7,-1,8,7,-1,8,7,-1
Salyan,Siraha,60,66,7,9,2,7,9,2,7,9,2,7,9,2,7,9,2
Salyan,Solukhumbu,60,67,2,1,-1,2,1,-1,2,1,-1,2,1,-1,2,1,-1
Salyan,Sunsari,60,68,11,25,14,11,25,14,11,25,14,11,25,14,11,25,14
Salyan,Surkhet,60,69,729,1052,323,729,1052,323,729,1052,323,559,873,314,432,683,251
Salyan,Syangja,60,70,28,47,19,28,47,19,28,47,19,28,47,19,28,47,19
Salyan,Tanahu,60,71,19,38,19,19,38,19,19,38,19,19,38,19,19,38,19
Salyan,Taplejung,60,72,0,2,2,0,2,2,0,2,2,0,2,2,0,2,2
Salyan,Terhathum,60,73,0,4,4,0,4,4,0,4,4,0,4,4,0,4,4
Salyan,Udayapur,60,74,2,11,9,2,11,9,2,11,9,2,11,9,2,11,9
Sankhuwasabha,Achham,61,0,1,2,1,1,2,1,1,2,1,1,2,1,1,2,1
Sankhuwasabha,Arghakhanchi,61,1,2,3,1,2,3,1,2,3,1,2,3,1,2,3,1
Sankhuwasabha,Baglung,61,2,1,3,2,1,3,2,1,3,2,1,3,2,1,3,2
Sankhuwasabha,Baitadi,61,3,2,1,-1,2,1,-1,2,1,-1,2,1,-1,2,1,-1
Sankhuwasabha,Bajhang,61,4,0,0,0,0,0,0,0,0,0,0,0,0,0,0,0
Sankhuwasabha,Bajura,61,5,1,2,1,1,2,1,1,2,1,1,2,1,1,2,1
Sankhuwasabha,Banke,61,6,12,14,2,12,14,2,12,14,2,12,14,2,12,14,2
Sankhuwasabha,Bara,61,7,20,25,5,20,25,5,20,25,5,20,25,5,20,25,5
Sankhuwasabha,Bardiya,61,8,13,17,4,13,17,4,13,17,4,13,17,4,13,17,4
Sankhuwasabha,Bhaktapur,61,9,0,0,0,0,0,0,0,0,0,0,0,0,0,0,0
Sankhuwasabha,Bhojpur,61,10,1866,2527,661,1866,2527,661,1497,2052,555,1109,1559,450,626,871,245
Sankhuwasabha,Chitawan,61,11,51,83,32,51,83,32,51,83,32,51,83,32,51,83,32
Sankhuwasabha,Dadeldhura,61,12,0,0,0,0,0,0,0,0,0,0,0,0,0,0,0
Sankhuwasabha,Dailekh,61,13,4,4,0,4,4,0,4,4,0,4,4,0,4,4,0
Sankhuwasabha,Dang,61,14,15,26,11,15,26,11,15,26,11,15,26,11,15,26,11
Sankhuwasabha,Darchula,61,15,0,2,2,0,2,2,0,2,2,0,2,2,0,2,2
Sankhuwasabha,Dhading,61,16,34,28,-6,34,28,-6,34,28,-6,34,28,-6,34,28,-6
Sankhuwasabha,Dhankuta,61,17,1433,2045,612,1433,2045,612,1256,1820,564,1020,1457,437,821,1166,345
Sankhuwasabha,Dhanusha,61,18,27,28,1,27,28,1,27,28,1,27,28,1,27,28,1
Sankhuwasabha,Dolakha,61,19,12,1,-11,12,1,-11,12,1,-11,12,1,-11,12,1,-11
Sankhuwasabha,Dolpa,61,20,0,0,0,0,0,0,0,0,0,0,0,0,0,0,0
Sankhuwasabha,Doti,61,21,0,2,2,0,2,2,0,2,2,0,2,2,0,2,2
Sankhuwasabha,Gorkha,61,22,22,33,11,22,33,11,22,33,11,22,33,11,22,33,11
Sankhuwasabha,Gulmi,61,23,2,6,4,2,6,4,2,6,4,2,6,4,2,6,4
Sankhuwasabha,Humla,61,24,0,1,1,0,1,1,0,1,1,0,1,1,0,1,1
Sankhuwasabha,Ilam,61,25,97,158,61,97,158,61,97,158,61,97,158,61,97,158,61
Sankhuwasabha,Jajarkot,61,26,1,1,0,1,1,0,1,1,0,1,1,0,1,1,0
Sankhuwasabha,Jhapa,61,27,586,1029,443,586,1029,443,586,1029,443,586,1029,443,586,1029,443
Sankhuwasabha,Jumla,61,28,0,2,2,0,2,2,0,2,2,0,2,2,0,2,2
Sankhuwasabha,Kabhrepalanchok,61,29,19,48,29,19,48,29,19,48,29,19,48,29,19,48,29
Sankhuwasabha,Kailali,61,30,14,20,6,14,20,6,14,20,6,14,20,6,14,20,6
Sankhuwasabha,Kalikot,61,31,1,0,-1,1,0,-1,1,0,-1,1,0,-1,1,0,-1
Sankhuwasabha,Kanchanpur,61,32,4,13,9,4,13,9,4,13,9,4,13,9,4,13,9
Sankhuwasabha,Kapilbastu,61,33,1,11,10,1,11,10,1,11,10,1,11,10,1,11,10
Sankhuwasabha,Kaski,61,34,65,88,23,65,88,23,65,88,23,65,88,23,65,88,23
Sankhuwasabha,Kathmandu,61,35,1320,1698,378,1320,1698,378,1320,1698,378,1320,1698,378,1320,1698,378
Sankhuwasabha,Khotang,61,36,56,92,36,56,92,36,56,92,36,56,92,36,56,92,36
Sankhuwasabha,Lalitpur,61,37,0,0,0,0,0,0,0,0,0,0,0,0,0,0,0
Sankhuwasabha,Lamjung,61,38,10,13,3,10,13,3,10,13,3,10,13,3,10,13,3
Sankhuwasabha,Mahottari,61,39,18,26,8,18,26,8,18,26,8,18,26,8,18,26,8
Sankhuwasabha,Makawanpur,61,40,30,59,29,30,59,29,30,59,29,30,59,29,30,59,29
Sankhuwasabha,Manang,61,41,0,0,0,0,0,0,0,0,0,0,0,0,0,0,0
Sankhuwasabha,Morang,61,42,1575,2564,989,1575,2564,989,1575,2564,989,1575,2564,989,1575,2564,989
Sankhuwasabha,Mugu,61,43,0,0,0,0,0,0,0,0,0,0,0,0,0,0,0
Sankhuwasabha,Mustang,61,44,0,3,3,0,3,3,0,3,3,0,3,3,0,3,3
Sankhuwasabha,Myagdi,61,45,1,5,4,1,5,4,1,5,4,1,5,4,1,5,4
Sankhuwasabha,Nawalparasi,61,46,19,21,2,19,21,2,19,21,2,19,21,2,19,21,2
Sankhuwasabha,Nuwakot,61,47,15,27,12,15,27,12,15,27,12,15,27,12,15,27,12
Sankhuwasabha,Okhaldhunga,61,48,6,20,14,6,20,14,6,20,14,6,20,14,6,20,14
Sankhuwasabha,Palpa,61,49,0,9,9,0,9,9,0,9,9,0,9,9,0,9,9
Sankhuwasabha,Panchthar,61,50,119,167,48,119,167,48,119,167,48,119,167,48,119,167,48
Sankhuwasabha,Parbat,61,51,5,8,3,5,8,3,5,8,3,5,8,3,5,8,3
Sankhuwasabha,Parsa,61,52,18,26,8,18,26,8,18,26,8,18,26,8,18,26,8
Sankhuwasabha,Pyuthan,61,53,6,7,1,6,7,1,6,7,1,6,7,1,6,7,1
Sankhuwasabha,Ramechhap,61,54,2,7,5,2,7,5,2,7,5,2,7,5,2,7,5
Sankhuwasabha,Rasuwa,61,55,2,1,-1,2,1,-1,2,1,-1,2,1,-1,2,1,-1
Sankhuwasabha,Rautahat,61,56,17,44,27,17,44,27,17,44,27,17,44,27,17,44,27
Sankhuwasabha,Rolpa,61,57,1,5,4,1,5,4,1,5,4,1,5,4,1,5,4
Sankhuwasabha,Rukum,61,58,0,1,1,0,1,1,0,1,1,0,1,1,0,1,1
Sankhuwasabha,Rupandehi,61,59,25,24,-1,25,24,-1,25,24,-1,25,24,-1,25,24,-1
Sankhuwasabha,Salyan,61,60,8,6,-2,8,6,-2,8,6,-2,8,6,-2,8,6,-2
Sankhuwasabha,Sankhuwasabha,61,61,0,0,0,0,0,0,0,0,0,0,0,0,0,0,0
Sankhuwasabha,Saptari,61,62,54,107,53,54,107,53,54,107,53,54,107,53,54,107,53
Sankhuwasabha,Sarlahi,61,63,20,49,29,20,49,29,20,49,29,20,49,29,20,49,29
Sankhuwasabha,Sindhuli,61,64,17,32,15,17,32,15,17,32,15,17,32,15,17,32,15
Sankhuwasabha,Sindhupalchok,61,65,8,21,13,8,21,13,8,21,13,8,21,13,8,21,13
Sankhuwasabha,Siraha,61,66,38,53,15,38,53,15,38,53,15,38,53,15,38,53,15
Sankhuwasabha,Solukhumbu,61,67,21,30,9,21,30,9,21,30,9,21,30,9,21,30,9
Sankhuwasabha,Sunsari,61,68,1676,2424,748,1676,2424,748,1676,2424,748,1676,2424,748,1676,2424,748
Sankhuwasabha,Surkhet,61,69,8,12,4,8,12,4,8,12,4,8,12,4,8,12,4
Sankhuwasabha,Syangja,61,70,14,12,-2,14,12,-2,14,12,-2,14,12,-2,14,12,-2
Sankhuwasabha,Tanahu,61,71,16,21,5,16,21,5,16,21,5,16,21,5,16,21,5
Sankhuwasabha,Taplejung,61,72,63,103,40,63,103,40,63,103,40,63,103,40,63,103,40
Sankhuwasabha,Terhathum,61,73,384,505,121,384,505,121,337,437,100,247,348,101,234,325,91
Sankhuwasabha,Udayapur,61,74,113,186,73,113,186,73,113,186,73,113,186,73,113,186,73
Saptari,Achham,62,0,8,13,5,8,13,5,8,13,5,8,13,5,8,13,5
Saptari,Arghakhanchi,62,1,7,23,16,7,23,16,7,23,16,7,23,16,7,23,16
Saptari,Baglung,62,2,17,24,7,17,24,7,17,24,7,17,24,7,17,24,7
Saptari,Baitadi,62,3,10,10,0,10,10,0,10,10,0,10,10,0,10,10,0
Saptari,Bajhang,62,4,0,0,0,0,0,0,0,0,0,0,0,0,0,0,0
Saptari,Bajura,62,5,2,0,-2,2,0,-2,2,0,-2,2,0,-2,2,0,-2
Saptari,Banke,62,6,74,100,26,74,100,26,74,100,26,74,100,26,74,100,26
Saptari,Bara,62,7,180,295,115,180,295,115,180,295,115,180,295,115,180,295,115
Saptari,Bardiya,62,8,43,70,27,43,70,27,43,70,27,43,70,27,43,70,27
Saptari,Bhaktapur,62,9,0,0,0,0,0,0,0,0,0,0,0,0,0,0,0
Saptari,Bhojpur,62,10,71,106,35,71,106,35,71,106,35,71,106,35,71,106,35
Saptari,Chitawan,62,11,333,565,232,333,565,232,333,565,232,333,565,232,333,565,232
Saptari,Dadeldhura,62,12,5,3,-2,5,3,-2,5,3,-2,5,3,-2,5,3,-2
Saptari,Dailekh,62,13,15,23,8,15,23,8,15,23,8,15,23,8,15,23,8
Saptari,Dang,62,14,86,127,41,86,127,41,86,127,41,86,127,41,86,127,41
Saptari,Darchula,62,15,2,2,0,2,2,0,2,2,0,2,2,0,2,2,0
Saptari,Dhading,62,16,99,142,43,99,142,43,99,142,43,99,142,43,99,142,43
Saptari,Dhankuta,62,17,171,244,73,171,244,73,171,244,73,171,244,73,171,244,73
Saptari,Dhanusha,62,18,1031,1490,459,1031,1490,459,1031,1490,459,1031,1490,459,1031,1490,459
Saptari,Dolakha,62,19,37,13,-24,37,13,-24,37,13,-24,37,13,-24,37,13,-24
Saptari,Dolpa,62,20,0,1,1,0,1,1,0,1,1,0,1,1,0,1,1
Saptari,Doti,62,21,6,13,7,6,13,7,6,13,7,6,13,7,6,13,7
Saptari,Gorkha,62,22,56,108,52,56,108,52,56,108,52,56,108,52,56,108,52
Saptari,Gulmi,62,23,15,13,-2,15,13,-2,15,13,-2,15,13,-2,15,13,-2
Saptari,Humla,62,24,4,0,-4,4,0,-4,4,0,-4,4,0,-4,4,0,-4
Saptari,Ilam,62,25,150,217,67,150,217,67,150,217,67,150,217,67,150,217,67
Saptari,Jajarkot,62,26,2,3,1,2,3,1,2,3,1,2,3,1,2,3,1
Saptari,Jhapa,62,27,907,1227,320,907,1227,320,907,1227,320,907,1227,320,907,1227,320
Saptari,Jumla,62,28,1,1,0,1,1,0,1,1,0,1,1,0,1,1,0
Saptari,Kabhrepalanchok,62,29,137,135,-2,137,135,-2,137,135,-2,137,135,-2,137,135,-2
Saptari,Kailali,62,30,62,99,37,62,99,37,62,99,37,62,99,37,62,99,37
Saptari,Kalikot,62,31,3,4,1,3,4,1,3,4,1,3,4,1,3,4,1
Saptari,Kanchanpur,62,32,28,55,27,28,55,27,28,55,27,28,55,27,28,55,27
Saptari,Kapilbastu,62,33,28,56,28,28,56,28,28,56,28,28,56,28,28,56,28
Saptari,Kaski,62,34,240,298,58,240,298,58,240,298,58,240,298,58,240,298,58
Saptari,Kathmandu,62,35,5847,4416,-1431,5847,4416,-1431,5847,4416,-1431,5847,4416,-1431,5847,4416,-1431
Saptari,Khotang,62,36,138,217,79,138,217,79,138,217,79,138,217,79,138,217,79
Saptari,Lalitpur,62,37,0,0,0,0,0,0,0,0,0,0,0,0,0,0,0
Saptari,Lamjung,62,38,29,38,9,29,38,9,29,38,9,29,38,9,29,38,9
Saptari,Mahottari,62,39,300,413,113,300,413,113,300,413,113,300,413,113,300,413,113
Saptari,Makawanpur,62,40,185,324,139,185,324,139,185,324,139,185,324,139,185,324,139
Saptari,Manang,62,41,0,0,0,0,0,0,0,0,0,0,0,0,0,0,0
Saptari,Morang,62,42,3777,4354,577,3777,4354,577,3777,4354,577,3777,4354,577,3777,4354,577
Saptari,Mugu,62,43,1,2,1,1,2,1,1,2,1,1,2,1,1,2,1
Saptari,Mustang,62,44,2,1,-1,2,1,-1,2,1,-1,2,1,-1,2,1,-1
Saptari,Myagdi,62,45,10,13,3,10,13,3,10,13,3,10,13,3,10,13,3
Saptari,Nawalparasi,62,46,88,127,39,88,127,39,88,127,39,88,127,39,88,127,39
Saptari,Nuwakot,62,47,34,31,-3,34,31,-3,34,31,-3,34,31,-3,34,31,-3
Saptari,Okhaldhunga,62,48,32,66,34,32,66,34,32,66,34,32,66,34,32,66,34
Saptari,Palpa,62,49,21,27,6,21,27,6,21,27,6,21,27,6,21,27,6
Saptari,Panchthar,62,50,95,147,52,95,147,52,95,147,52,95,147,52,95,147,52
Saptari,Parbat,62,51,25,36,11,25,36,11,25,36,11,25,36,11,25,36,11
Saptari,Parsa,62,52,277,339,62,277,339,62,277,339,62,277,339,62,277,339,62
Saptari,Pyuthan,62,53,10,19,9,10,19,9,10,19,9,10,19,9,10,19,9
Saptari,Ramechhap,62,54,11,12,1,11,12,1,11,12,1,11,12,1,11,12,1
Saptari,Rasuwa,62,55,7,1,-6,7,1,-6,7,1,-6,7,1,-6,7,1,-6
Saptari,Rautahat,62,56,165,241,76,165,241,76,165,241,76,165,241,76,165,241,76
Saptari,Rolpa,62,57,5,7,2,5,7,2,5,7,2,5,7,2,5,7,2
Saptari,Rukum,62,58,6,8,2,6,8,2,6,8,2,6,8,2,6,8,2
Saptari,Rupandehi,62,59,219,317,98,219,317,98,219,317,98,219,317,98,219,317,98
Saptari,Salyan,62,60,6,8,2,6,8,2,6,8,2,6,8,2,6,8,2
Saptari,Sankhuwasabha,62,61,81,100,19,81,100,19,81,100,19,81,100,19,81,100,19
Saptari,Saptari,62,62,0,0,0,0,0,0,0,0,0,0,0,0,0,0,0
Saptari,Sarlahi,62,63,319,424,105,319,424,105,319,424,105,319,424,105,319,424,105
Saptari,Sindhuli,62,64,99,202,103,99,202,103,99,202,103,99,202,103,99,202,103
Saptari,Sindhupalchok,62,65,33,26,-7,33,26,-7,33,26,-7,33,26,-7,33,26,-7
Saptari,Siraha,62,66,8311,10894,2583,8289,10858,2569,6430,8644,2214,5510,7551,2041,4634,6436,1802
Saptari,Solukhumbu,62,67,35,45,10,35,45,10,35,45,10,35,45,10,35,45,10
Saptari,Sunsari,62,68,5244,7381,2137,5244,7381,2137,5109,7161,2052,4946,6825,1879,4422,6054,1632
Saptari,Surkhet,62,69,26,50,24,26,50,24,26,50,24,26,50,24,26,50,24
Saptari,Syangja,62,70,24,49,25,24,49,25,24,49,25,24,49,25,24,49,25
Saptari,Tanahu,62,71,54,93,39,54,93,39,54,93,39,54,93,39,54,93,39
Saptari,Taplejung,62,72,33,33,0,33,33,0,33,33,0,33,33,0,33,33,0
Saptari,Terhathum,62,73,69,72,3,69,72,3,69,72,3,69,72,3,69,72,3
Saptari,Udayapur,62,74,3097,3751,654,2653,3392,739,2304,2982,678,1726,2305,579,1413,1860,447
Sarlahi,Achham,63,0,9,10,1,9,10,1,9,10,1,9,10,1,9,10,1
Sarlahi,Arghakhanchi,63,1,17,26,9,17,26,9,17,26,9,17,26,9,17,26,9
Sarlahi,Baglung,63,2,15,32,17,15,32,17,15,32,17,15,32,17,15,32,17
Sarlahi,Baitadi,63,3,2,0,-2,2,0,-2,2,0,-2,2,0,-2,2,0,-2
Sarlahi,Bajhang,63,4,0,1,1,0,1,1,0,1,1,0,1,1,0,1,1
Sarlahi,Bajura,63,5,1,0,-1,1,0,-1,1,0,-1,1,0,-1,1,0,-1
Sarlahi,Banke,63,6,91,110,19,91,110,19,91,110,19,91,110,19,91,110,19
Sarlahi,Bara,63,7,1563,2378,815,1563,2378,815,1563,2378,815,1563,2378,815,1563,2378,815
Sarlahi,Bardiya,63,8,48,74,26,48,74,26,48,74,26,48,74,26,48,74,26
Sarlahi,Bhaktapur,63,9,0,0,0,0,0,0,0,0,0,0,0,0,0,0,0
Sarlahi,Bhojpur,63,10,15,32,17,15,32,17,15,32,17,15,32,17,15,32,17
Sarlahi,Chitawan,63,11,841,1213,372,841,1213,372,841,1213,372,841,1213,372,841,1213,372
Sarlahi,Dadeldhura,63,12,5,3,-2,5,3,-2,5,3,-2,5,3,-2,5,3,-2
Sarlahi,Dailekh,63,13,12,23,11,12,23,11,12,23,11,12,23,11,12,23,11
Sarlahi,Dang,63,14,45,92,47,45,92,47,45,92,47,45,92,47,45,92,47
Sarlahi,Darchula,63,15,3,3,0,3,3,0,3,3,0,3,3,0,3,3,0
Sarlahi,Dhading,63,16,164,257,93,164,257,93,164,257,93,164,257,93,164,257,93
Sarlahi,Dhankuta,63,17,45,100,55,45,100,55,45,100,55,45,100,55,45,100,55
Sarlahi,Dhanusha,63,18,3406,4799,1393,3406,4799,1393,3406,4799,1393,3406,4799,1393,3406,4799,1393
Sarlahi,Dolakha,63,19,93,30,-63,93,30,-63,93,30,-63,93,30,-63,93,30,-63
Sarlahi,Dolpa,63,20,0,1,1,0,1,1,0,1,1,0,1,1,0,1,1
Sarlahi,Doti,63,21,8,7,-1,8,7,-1,8,7,-1,8,7,-1,8,7,-1
Sarlahi,Gorkha,63,22,75,196,121,75,196,121,75,196,121,75,196,121,75,196,121
Sarlahi,Gulmi,63,23,15,28,13,15,28,13,15,28,13,15,28,13,15,28,13
Sarlahi,Humla,63,24,2,1,-1,2,1,-1,2,1,-1,2,1,-1,2,1,-1
Sarlahi,Ilam,63,25,51,82,31,51,82,31,51,82,31,51,82,31,51,82,31
Sarlahi,Jajarkot,63,26,3,5,2,3,5,2,3,5,2,3,5,2,3,5,2
Sarlahi,Jhapa,63,27,339,538,199,339,538,199,339,538,199,339,538,199,339,538,199
Sarlahi,Jumla,63,28,1,3,2,1,3,2,1,3,2,1,3,2,1,3,2
Sarlahi,Kabhrepalanchok,63,29,250,458,208,250,458,208,250,458,208,250,458,208,250,458,208
Sarlahi,Kailali,63,30,72,110,38,72,110,38,72,110,38,72,110,38,72,110,38
Sarlahi,Kalikot,63,31,2,1,-1,2,1,-1,2,1,-1,2,1,-1,2,1,-1
Sarlahi,Kanchanpur,63,32,41,51,10,41,51,10,41,51,10,41,51,10,41,51,10
Sarlahi,Kapilbastu,63,33,56,76,20,56,76,20,56,76,20,56,76,20,56,76,20
Sarlahi,Kaski,63,34,301,456,155,301,456,155,301,456,155,301,456,155,301,456,155
Sarlahi,Kathmandu,63,35,8345,7322,-1023,8345,7322,-1023,8345,7322,-1023,8345,7322,-1023,8345,7322,-1023
Sarlahi,Khotang,63,36,52,59,7,52,59,7,52,59,7,52,59,7,52,59,7
Sarlahi,Lalitpur,63,37,0,0,0,0,0,0,0,0,0,0,0,0,0,0,0
Sarlahi,Lamjung,63,38,18,35,17,18,35,17,18,35,17,18,35,17,18,35,17
Sarlahi,Mahottari,63,39,5736,8751,3015,5631,8590,2959,4988,7723,2735,4240,6455,2215,3566,5441,1875
Sarlahi,Makawanpur,63,40,854,1166,312,854,1166,312,854,1166,312,854,1166,312,854,1166,312
Sarlahi,Manang,63,41,0,0,0,0,0,0,0,0,0,0,0,0,0,0,0
Sarlahi,Morang,63,42,394,640,246,394,640,246,394,640,246,394,640,246,394,640,246
Sarlahi,Mugu,63,43,0,1,1,0,1,1,0,1,1,0,1,1,0,1,1
Sarlahi,Mustang,63,44,5,12,7,5,12,7,5,12,7,5,12,7,5,12,7
Sarlahi,Myagdi,63,45,13,11,-2,13,11,-2,13,11,-2,13,11,-2,13,11,-2
Sarlahi,Nawalparasi,63,46,217,327,110,217,327,110,217,327,110,217,327,110,217,327,110
Sarlahi,Nuwakot,63,47,94,104,10,94,104,10,94,104,10,94,104,10,94,104,10
Sarlahi,Okhaldhunga,63,48,15,37,22,15,37,22,15,37,22,15,37,22,15,37,22
Sarlahi,Palpa,63,49,22,27,5,22,27,5,22,27,5,22,27,5,22,27,5
Sarlahi,Panchthar,63,50,35,69,34,35,69,34,35,69,34,35,69,34,35,69,34
Sarlahi,Parbat,63,51,21,26,5,21,26,5,21,26,5,21,26,5,21,26,5
Sarlahi,Parsa,63,52,1219,1565,346,1219,1565,346,1219,1565,346,1219,1565,346,1219,1565,346
Sarlahi,Pyuthan,63,53,8,23,15,8,23,15,8,23,15,8,23,15,8,23,15
Sarlahi,Ramechhap,63,54,85,100,15,85,100,15,85,100,15,85,100,15,85,100,15
Sarlahi,Rasuwa,63,55,3,4,1,3,4,1,3,4,1,3,4,1,3,4,1
Sarlahi,Rautahat,63,56,5941,9673,3732,5451,9108,3657,4495,7539,3044,3596,5945,2349,2550,4244,1694
Sarlahi,Rolpa,63,57,4,10,6,4,10,6,4,10,6,4,10,6,4,10,6
Sarlahi,Rukum,63,58,3,11,8,3,11,8,3,11,8,3,11,8,3,11,8
Sarlahi,Rupandehi,63,59,217,277,60,217,277,60,217,277,60,217,277,60,217,277,60
Sarlahi,Salyan,63,60,13,14,1,13,14,1,13,14,1,13,14,1,13,14,1
Sarlahi,Sankhuwasabha,63,61,23,40,17,23,40,17,23,40,17,23,40,17,23,40,17
Sarlahi,Saptari,63,62,271,459,188,271,459,188,271,459,188,271,459,188,271,459,188
Sarlahi,Sarlahi,63,63,0,0,0,0,0,0,0,0,0,0,0,0,0,0,0
Sarlahi,Sindhuli,63,64,966,1700,734,966,1700,734,966,1700,734,966,1700,734,905,1579,674
Sarlahi,Sindhupalchok,63,65,66,89,23,66,89,23,66,89,23,66,89,23,66,89,23
Sarlahi,Siraha,63,66,872,1335,463,872,1335,463,872,1335,463,872,1335,463,872,1335,463
Sarlahi,Solukhumbu,63,67,26,24,-2,26,24,-2,26,24,-2,26,24,-2,26,24,-2
Sarlahi,Sunsari,63,68,386,586,200,386,586,200,386,586,200,386,586,200,386,586,200
Sarlahi,Surkhet,63,69,23,43,20,23,43,20,23,43,20,23,43,20,23,43,20
Sarlahi,Syangja,63,70,35,89,54,35,89,54,35,89,54,35,89,54,35,89,54
Sarlahi,Tanahu,63,71,154,223,69,154,223,69,154,223,69,154,223,69,154,223,69
Sarlahi,Taplejung,63,72,6,5,-1,6,5,-1,6,5,-1,6,5,-1,6,5,-1
Sarlahi,Terhathum,63,73,15,25,10,15,25,10,15,25,10,15,25,10,15,25,10
Sarlahi,Udayapur,63,74,253,357,104,253,357,104,253,357,104,253,357,104,253,357,104
Sindhuli,Achham,64,0,3,9,6,3,9,6,3,9,6,3,9,6,3,9,6
Sindhuli,Arghakhanchi,64,1,11,15,4,11,15,4,11,15,4,11,15,4,11,15,4
Sindhuli,Baglung,64,2,16,19,3,16,19,3,16,19,3,16,19,3,16,19,3
Sindhuli,Baitadi,64,3,5,10,5,5,10,5,5,10,5,5,10,5,5,10,5
Sindhuli,Bajhang,64,4,1,2,1,1,2,1,1,2,1,1,2,1,1,2,1
Sindhuli,Bajura,64,5,0,0,0,0,0,0,0,0,0,0,0,0,0,0,0
Sindhuli,Banke,64,6,31,65,34,31,65,34,31,65,34,31,65,34,31,65,34
Sindhuli,Bara,64,7,225,409,184,225,409,184,225,409,184,225,409,184,225,409,184
Sindhuli,Bardiya,64,8,30,69,39,30,69,39,30,69,39,30,69,39,30,69,39
Sindhuli,Bhaktapur,64,9,0,0,0,0,0,0,0,0,0,0,0,0,0,0,0
Sindhuli,Bhojpur,64,10,18,27,9,18,27,9,18,27,9,18,27,9,18,27,9
Sindhuli,Chitawan,64,11,180,334,154,180,334,154,180,334,154,180,334,154,180,334,154
Sindhuli,Dadeldhura,64,12,2,5,3,2,5,3,2,5,3,2,5,3,2,5,3
Sindhuli,Dailekh,64,13,12,27,15,12,27,15,12,27,15,12,27,15,12,27,15
Sindhuli,Dang,64,14,40,68,28,40,68,28,40,68,28,40,68,28,40,68,28
Sindhuli,Darchula,64,15,6,9,3,6,9,3,6,9,3,6,9,3,6,9,3
Sindhuli,Dhading,64,16,71,123,52,71,123,52,71,123,52,71,123,52,71,123,52
Sindhuli,Dhankuta,64,17,24,48,24,24,48,24,24,48,24,24,48,24,24,48,24
Sindhuli,Dhanusha,64,18,917,1288,371,917,1288,371,914,1280,366,829,1166,337,735,1061,326
Sindhuli,Dolakha,64,19,211,63,-148,211,63,-148,211,63,-148,211,63,-148,211,63,-148
Sindhuli,Dolpa,64,20,0,1,1,0,1,1,0,1,1,0,1,1,0,1,1
Sindhuli,Doti,64,21,14,17,3,14,17,3,14,17,3,14,17,3,14,17,3
Sindhuli,Gorkha,64,22,49,113,64,49,113,64,49,113,64,49,113,64,49,113,64
Sindhuli,Gulmi,64,23,15,36,21,15,36,21,15,36,21,15,36,21,15,36,21
Sindhuli,Humla,64,24,0,1,1,0,1,1,0,1,1,0,1,1,0,1,1
Sindhuli,Ilam,64,25,39,68,29,39,68,29,39,68,29,39,68,29,39,68,29
Sindhuli,Jajarkot,64,26,2,4,2,2,4,2,2,4,2,2,4,2,2,4,2
Sindhuli,Jhapa,64,27,183,332,149,183,332,149,183,332,149,183,332,149,183,332,149
Sindhuli,Jumla,64,28,1,0,-1,1,0,-1,1,0,-1,1,0,-1,1,0,-1
Sindhuli,Kabhrepalanchok,64,29,933,1290,357,933,1290,357,790,1020,230,679,899,220,622,854,232
Sindhuli,Kailali,64,30,40,64,24,40,64,24,40,64,24,40,64,24,40,64,24
Sindhuli,Kalikot,64,31,0,3,3,0,3,3,0,3,3,0,3,3,0,3,3
Sindhuli,Kanchanpur,64,32,44,68,24,44,68,24,44,68,24,44,68,24,44,68,24
Sindhuli,Kapilbastu,64,33,21,34,13,21,34,13,21,34,13,21,34,13,21,34,13
Sindhuli,Kaski,64,34,262,461,199,262,461,199,262,461,199,262,461,199,262,461,199
Sindhuli,Kathmandu,64,35,5924,6440,516,5924,6440,516,5924,6440,516,5924,6440,516,5924,6440,516
Sindhuli,Khotang,64,36,90,139,49,90,139,49,90,139,49,90,139,49,90,139,49
Sindhuli,Lalitpur,64,37,0,0,0,0,0,0,0,0,0,0,0,0,0,0,0
Sindhuli,Lamjung,64,38,21,56,35,21,56,35,21,56,35,21,56,35,21,56,35
Sindhuli,Mahottari,64,39,974,1483,509,974,1483,509,974,1483,509,798,1168,370,676,1042,366
Sindhuli,Makawanpur,64,40,260,383,123,260,383,123,260,383,123,260,383,123,260,383,123
Sindhuli,Manang,64,41,0,1,1,0,1,1,0,1,1,0,1,1,0,1,1
Sindhuli,Morang,64,42,241,448,207,241,448,207,241,448,207,241,448,207,241,448,207
Sindhuli,Mugu,64,43,0,1,1,0,1,1,0,1,1,0,1,1,0,1,1
Sindhuli,Mustang,64,44,3,1,-2,3,1,-2,3,1,-2,3,1,-2,3,1,-2
Sindhuli,Myagdi,64,45,6,16,10,6,16,10,6,16,10,6,16,10,6,16,10
Sindhuli,Nawalparasi,64,46,68,115,47,68,115,47,68,115,47,68,115,47,68,115,47
Sindhuli,Nuwakot,64,47,48,58,10,48,58,10,48,58,10,48,58,10,48,58,10
Sindhuli,Okhaldhunga,64,48,89,211,122,89,211,122,89,211,122,52,100,48,52,100,48
Sindhuli,Palpa,64,49,12,24,12,12,24,12,12,24,12,12,24,12,12,24,12
Sindhuli,Panchthar,64,50,14,38,24,14,38,24,14,38,24,14,38,24,14,38,24
Sindhuli,Parbat,64,51,11,19,8,11,19,8,11,19,8,11,19,8,11,19,8
Sindhuli,Parsa,64,52,128,219,91,128,219,91,128,219,91,128,219,91,128,219,91
Sindhuli,Pyuthan,64,53,19,23,4,19,23,4,19,23,4,19,23,4,19,23,4
Sindhuli,Ramechhap,64,54,715,759,44,715,759,44,715,759,44,402,557,155,199,303,104
Sindhuli,Rasuwa,64,55,13,4,-9,13,4,-9,13,4,-9,13,4,-9,13,4,-9
Sindhuli,Rautahat,64,56,206,305,99,206,305,99,206,305,99,206,305,99,206,305,99
Sindhuli,Rolpa,64,57,3,11,8,3,11,8,3,11,8,3,11,8,3,11,8
Sindhuli,Rukum,64,58,7,11,4,7,11,4,7,11,4,7,11,4,7,11,4
Sindhuli,Rupandehi,64,59,62,109,47,62,109,47,62,109,47,62,109,47,62,109,47
Sindhuli,Salyan,64,60,9,17,8,9,17,8,9,17,8,9,17,8,9,17,8
Sindhuli,Sankhuwasabha,64,61,20,33,13,20,33,13,20,33,13,20,33,13,20,33,13
Sindhuli,Saptari,64,62,103,174,71,103,174,71,103,174,71,103,174,71,103,174,71
Sindhuli,Sarlahi,64,63,1046,1610,564,1046,1610,564,1046,1610,564,1046,1610,564,970,1503,533
Sindhuli,Sindhuli,64,64,0,0,0,0,0,0,0,0,0,0,0,0,0,0,0
Sindhuli,Sindhupalchok,64,65,63,83,20,63,83,20,63,83,20,63,83,20,63,83,20
Sindhuli,Siraha,64,66,544,634,90,544,634,90,544,634,90,463,569,106,329,454,125
Sindhuli,Solukhumbu,64,67,40,58,18,40,58,18,40,58,18,40,58,18,40,58,18
Sindhuli,Sunsari,64,68,196,350,154,196,350,154,196,350,154,196,350,154,196,350,154
Sindhuli,Surkhet,64,69,28,52,24,28,52,24,28,52,24,28,52,24,28,52,24
Sindhuli,Syangja,64,70,15,35,20,15,35,20,15,35,20,15,35,20,15,35,20
Sindhuli,Tanahu,64,71,58,120,62,58,120,62,58,120,62,58,120,62,58,120,62
Sindhuli,Taplejung,64,72,6,9,3,6,9,3,6,9,3,6,9,3,6,9,3
Sindhuli,Terhathum,64,73,9,14,5,9,14,5,9,14,5,9,14,5,9,14,5
Sindhuli,Udayapur,64,74,752,991,239,752,991,239,752,991,239,389,503,114,357,475,118
Sindhupalchok,Achham,65,0,1,3,2,1,3,2,1,3,2,1,3,2,1,3,2
Sindhupalchok,Arghakhanchi,65,1,8,14,6,8,14,6,8,14,6,8,14,6,8,14,6
Sindhupalchok,Baglung,65,2,11,23,12,11,23,12,11,23,12,11,23,12,11,23,12
Sindhupalchok,Baitadi,65,3,1,3,2,1,3,2,1,3,2,1,3,2,1,3,2
Sindhupalchok,Bajhang,65,4,0,0,0,0,0,0,0,0,0,0,0,0,0,0,0
Sindhupalchok,Bajura,65,5,0,0,0,0,0,0,0,0,0,0,0,0,0,0,0
Sindhupalchok,Banke,65,6,28,57,29,28,57,29,28,57,29,28,57,29,28,57,29
Sindhupalchok,Bara,65,7,92,197,105,92,197,105,92,197,105,92,197,105,92,197,105
Sindhupalchok,Bardiya,65,8,49,85,36,49,85,36,49,85,36,49,85,36,49,85,36
Sindhupalchok,Bhaktapur,65,9,0,0,0,0,0,0,0,0,0,0,0,0,0,0,0
Sindhupalchok,Bhojpur,65,10,3,25,22,3,25,22,3,25,22,3,25,22,3,25,22
Sindhupalchok,Chitawan,65,11,164,339,175,164,339,175,164,339,175,164,339,175,164,339,175
Sindhupalchok,Dadeldhura,65,12,1,2,1,1,2,1,1,2,1,1,2,1,1,2,1
Sindhupalchok,Dailekh,65,13,4,14,10,4,14,10,4,14,10,4,14,10,4,14,10
Sindhupalchok,Dang,65,14,34,83,49,34,83,49,34,83,49,34,83,49,34,83,49
Sindhupalchok,Darchula,65,15,4,1,-3,4,1,-3,4,1,-3,4,1,-3,4,1,-3
Sindhupalchok,Dhading,65,16,104,139,35,104,139,35,104,139,35,104,139,35,104,139,35
Sindhupalchok,Dhankuta,65,17,16,32,16,16,32,16,16,32,16,16,32,16,16,32,16
Sindhupalchok,Dhanusha,65,18,45,78,33,45,78,33,45,78,33,45,78,33,45,78,33
Sindhupalchok,Dolakha,65,19,528,698,170,528,698,170,489,642,153,345,320,-25,256,240,-16
Sindhupalchok,Dolpa,65,20,0,2,2,0,2,2,0,2,2,0,2,2,0,2,2
Sindhupalchok,Doti,65,21,1,4,3,1,4,3,1,4,3,1,4,3,1,4,3
Sindhupalchok,Gorkha,65,22,59,142,83,59,142,83,59,142,83,59,142,83,59,142,83
Sindhupalchok,Gulmi,65,23,11,20,9,11,20,9,11,20,9,11,20,9,11,20,9
Sindhupalchok,Humla,65,24,0,2,2,0,2,2,0,2,2,0,2,2,0,2,2
Sindhupalchok,Ilam,65,25,25,56,31,25,56,31,25,56,31,25,56,31,25,56,31
Sindhupalchok,Jajarkot,65,26,0,2,2,0,2,2,0,2,2,0,2,2,0,2,2
Sindhupalchok,Jhapa,65,27,65,183,118,65,183,118,65,183,118,65,183,118,65,183,118
Sindhupalchok,Jumla,65,28,1,1,0,1,1,0,1,1,0,1,1,0,1,1,0
Sindhupalchok,Kabhrepalanchok,65,29,2372,4262,1890,2199,4053,1854,1686,3361,1675,1263,2637,1374,761,1558,797
Sindhupalchok,Kailali,65,30,17,46,29,17,46,29,17,46,29,17,46,29,17,46,29
Sindhupalchok,Kalikot,65,31,0,0,0,0,0,0,0,0,0,0,0,0,0,0,0
Sindhupalchok,Kanchanpur,65,32,16,35,19,16,35,19,16,35,19,16,35,19,16,35,19
Sindhupalchok,Kapilbastu,65,33,16,33,17,16,33,17,16,33,17,16,33,17,16,33,17
Sindhupalchok,Kaski,65,34,125,208,83,125,208,83,125,208,83,125,208,83,125,208,83
Sindhupalchok,Kathmandu,65,35,8422,9327,905,8422,9327,905,8242,9151,909,7760,8560,800,6603,7327,724
Sindhupalchok,Khotang,65,36,20,44,24,20,44,24,20,44,24,20,44,24,20,44,24
Sindhupalchok,Lalitpur,65,37,0,0,0,0,0,0,0,0,0,0,0,0,0,0,0
Sindhupalchok,Lamjung,65,38,21,59,38,21,59,38,21,59,38,21,59,38,21,59,38
Sindhupalchok,Mahottari,65,39,38,71,33,38,71,33,38,71,33,38,71,33,38,71,33
Sindhupalchok,Makawanpur,65,40,169,358,189,169,358,189,169,358,189,169,358,189,169,358,189
Sindhupalchok,Manang,65,41,1,1,0,1,1,0,1,1,0,1,1,0,1,1,0
Sindhupalchok,Morang,65,42,78,161,83,78,161,83,78,161,83,78,161,83,78,161,83
Sindhupalchok,Mugu,65,43,0,1,1,0,1,1,0,1,1,0,1,1,0,1,1
Sindhupalchok,Mustang,65,44,5,5,0,5,5,0,5,5,0,5,5,0,5,5,0
Sindhupalchok,Myagdi,65,45,9,11,2,9,11,2,9,11,2,9,11,2,9,11,2
Sindhupalchok,Nawalparasi,65,46,54,130,76,54,130,76,54,130,76,54,130,76,54,130,76
Sindhupalchok,Nuwakot,65,47,133,298,165,133,298,165,133,298,165,131,298,167,121,298,177
Sindhupalchok,Okhaldhunga,65,48,2,12,10,2,12,10,2,12,10,2,12,10,2,12,10
Sindhupalchok,Palpa,65,49,6,18,12,6,18,12,6,18,12,6,18,12,6,18,12
Sindhupalchok,Panchthar,65,50,14,30,16,14,30,16,14,30,16,14,30,16,14,30,16
Sindhupalchok,Parbat,65,51,6,21,15,6,21,15,6,21,15,6,21,15,6,21,15
Sindhupalchok,Parsa,65,52,66,108,42,66,108,42,66,108,42,66,108,42,66,108,42
Sindhupalchok,Pyuthan,65,53,5,13,8,5,13,8,5,13,8,5,13,8,5,13,8
Sindhupalchok,Ramechhap,65,54,26,52,26,26,52,26,26,52,26,26,52,26,26,52,26
Sindhupalchok,Rasuwa,65,55,15,9,-6,15,9,-6,15,9,-6,15,9,-6,15,9,-6
Sindhupalchok,Rautahat,65,56,31,58,27,31,58,27,31,58,27,31,58,27,31,58,27
Sindhupalchok,Rolpa,65,57,4,11,7,4,11,7,4,11,7,4,11,7,4,11,7
Sindhupalchok,Rukum,65,58,3,13,10,3,13,10,3,13,10,3,13,10,3,13,10
Sindhupalchok,Rupandehi,65,59,68,106,38,68,106,38,68,106,38,68,106,38,68,106,38
Sindhupalchok,Salyan,65,60,3,20,17,3,20,17,3,20,17,3,20,17,3,20,17
Sindhupalchok,Sankhuwasabha,65,61,14,24,10,14,24,10,14,24,10,14,24,10,14,24,10
Sindhupalchok,Saptari,65,62,27,59,32,27,59,32,27,59,32,27,59,32,27,59,32
Sindhupalchok,Sarlahi,65,63,59,174,115,59,174,115,59,174,115,59,174,115,59,174,115
Sindhupalchok,Sindhuli,65,64,71,163,92,71,163,92,71,163,92,71,163,92,71,163,92
Sindhupalchok,Sindhupalchok,65,65,0,0,0,0,0,0,0,0,0,0,0,0,0,0,0
Sindhupalchok,Siraha,65,66,21,65,44,21,65,44,21,65,44,21,65,44,21,65,44
Sindhupalchok,Solukhumbu,65,67,17,41,24,17,41,24,17,41,24,17,41,24,17,41,24
Sindhupalchok,Sunsari,65,68,64,138,74,64,138,74,64,138,74,64,138,74,64,138,74
Sindhupalchok,Surkhet,65,69,18,29,11,18,29,11,18,29,11,18,29,11,18,29,11
Sindhupalchok,Syangja,65,70,20,50,30,20,50,30,20,50,30,20,50,30,20,50,30
Sindhupalchok,Tanahu,65,71,39,113,74,39,113,74,39,113,74,39,113,74,39,113,74
Sindhupalchok,Taplejung,65,72,1,5,4,1,5,4,1,5,4,1,5,4,1,5,4
Sindhupalchok,Terhathum,65,73,3,10,7,3,10,7,3,10,7,3,10,7,3,10,7
Sindhupalchok,Udayapur,65,74,20,71,51,20,71,51,20,71,51,20,71,51,20,71,51
Siraha,Achham,66,0,3,13,10,3,13,10,3,13,10,3,13,10,3,13,10
Siraha,Arghakhanchi,66,1,6,14,8,6,14,8,6,14,8,6,14,8,6,14,8
Siraha,Baglung,66,2,10,25,15,10,25,15,10,25,15,10,25,15,10,25,15
Siraha,Baitadi,66,3,2,3,1,2,3,1,2,3,1,2,3,1,2,3,1
Siraha,Bajhang,66,4,0,0,0,0,0,0,0,0,0,0,0,0,0,0,0
Siraha,Bajura,66,5,0,1,1,0,1,1,0,1,1,0,1,1,0,1,1
Siraha,Banke,66,6,44,82,38,44,82,38,44,82,38,44,82,38,44,82,38
Siraha,Bara,66,7,226,365,139,226,365,139,226,365,139,226,365,139,226,365,139
Siraha,Bardiya,66,8,33,24,-9,33,24,-9,33,24,-9,33,24,-9,33,24,-9
Siraha,Bhaktapur,66,9,0,0,0,0,0,0,0,0,0,0,0,0,0,0,0
Siraha,Bhojpur,66,10,35,49,14,35,49,14,35,49,14,35,49,14,35,49,14
Siraha,Chitawan,66,11,245,359,114,245,359,114,245,359,114,245,359,114,245,359,114
Siraha,Dadeldhura,66,12,4,6,2,4,6,2,4,6,2,4,6,2,4,6,2
Siraha,Dailekh,66,13,6,17,11,6,17,11,6,17,11,6,17,11,6,17,11
Siraha,Dang,66,14,49,75,26,49,75,26,49,75,26,49,75,26,49,75,26
Siraha,Darchula,66,15,1,6,5,1,6,5,1,6,5,1,6,5,1,6,5
Siraha,Dhading,66,16,125,87,-38,125,87,-38,125,87,-38,125,87,-38,125,87,-38
Siraha,Dhankuta,66,17,100,134,34,100,134,34,100,134,34,100,134,34,100,134,34
Siraha,Dhanusha,66,18,11167,15599,4432,10762,14835,4073,9323,12775,3452,7658,10444,2786,6295,8461,2166
Siraha,Dolakha,66,19,25,10,-15,25,10,-15,25,10,-15,25,10,-15,25,10,-15
Siraha,Dolpa,66,20,1,1,0,1,1,0,1,1,0,1,1,0,1,1,0
Siraha,Doti,66,21,9,10,1,9,10,1,9,10,1,9,10,1,9,10,1
Siraha,Gorkha,66,22,45,84,39,45,84,39,45,84,39,45,84,39,45,84,39
Siraha,Gulmi,66,23,14,7,-7,14,7,-7,14,7,-7,14,7,-7,14,7,-7
Siraha,Humla,66,24,0,1,1,0,1,1,0,1,1,0,1,1,0,1,1
Siraha,Ilam,66,25,77,109,32,77,109,32,77,109,32,77,109,32,77,109,32
Siraha,Jajarkot,66,26,4,3,-1,4,3,-1,4,3,-1,4,3,-1,4,3,-1
Siraha,Jhapa,66,27,513,717,204,513,717,204,513,717,204,513,717,204,513,717,204
Siraha,Jumla,66,28,0,3,3,0,3,3,0,3,3,0,3,3,0,3,3
Siraha,Kabhrepalanchok,66,29,84,111,27,84,111,27,84,111,27,84,111,27,84,111,27
Siraha,Kailali,66,30,52,92,40,52,92,40,52,92,40,52,92,40,52,92,40
Siraha,Kalikot,66,31,2,7,5,2,7,5,2,7,5,2,7,5,2,7,5
Siraha,Kanchanpur,66,32,33,45,12,33,45,12,33,45,12,33,45,12,33,45,12
Siraha,Kapilbastu,66,33,42,66,24,42,66,24,42,66,24,42,66,24,42,66,24
Siraha,Kaski,66,34,112,177,65,112,177,65,112,177,65,112,177,65,112,177,65
Siraha,Kathmandu,66,35,4589,3170,-1419,4589,3170,-1419,4589,3170,-1419,4589,3170,-1419,4589,3170,-1419
Siraha,Khotang,66,36,129,171,42,129,171,42,129,171,42,129,171,42,129,171,42
Siraha,Lalitpur,66,37,0,0,0,0,0,0,0,0,0,0,0,0,0,0,0
Siraha,Lamjung,66,38,11,20,9,11,20,9,11,20,9,11,20,9,11,20,9
Siraha,Mahottari,66,39,1459,2046,587,1459,2046,587,1459,2046,587,1459,2046,587,1459,2046,587
Siraha,Makawanpur,66,40,210,271,61,210,271,61,210,271,61,210,271,61,210,271,61
Siraha,Manang,66,41,1,0,-1,1,0,-1,1,0,-1,1,0,-1,1,0,-1
Siraha,Morang,66,42,1945,2045,100,1945,2045,100,1945,2045,100,1945,2045,100,1945,2045,100
Siraha,Mugu,66,43,1,1,0,1,1,0,1,1,0,1,1,0,1,1,0
Siraha,Mustang,66,44,2,4,2,2,4,2,2,4,2,2,4,2,2,4,2
Siraha,Myagdi,66,45,6,6,0,6,6,0,6,6,0,6,6,0,6,6,0
Siraha,Nawalparasi,66,46,83,133,50,83,133,50,83,133,50,83,133,50,83,133,50
Siraha,Nuwakot,66,47,17,27,10,17,27,10,17,27,10,17,27,10,17,27,10
Siraha,Okhaldhunga,66,48,42,71,29,42,71,29,42,71,29,42,71,29,42,71,29
Siraha,Palpa,66,49,12,21,9,12,21,9,12,21,9,12,21,9,12,21,9
Siraha,Panchthar,66,50,46,66,20,46,66,20,46,66,20,46,66,20,46,66,20
Siraha,Parbat,66,51,10,11,1,10,11,1,10,11,1,10,11,1,10,11,1
Siraha,Parsa,66,52,330,467,137,330,467,137,330,467,137,330,467,137,330,467,137
Siraha,Pyuthan,66,53,8,13,5,8,13,5,8,13,5,8,13,5,8,13,5
Siraha,Ramechhap,66,54,13,33,20,13,33,20,13,33,20,13,33,20,13,33,20
Siraha,Rasuwa,66,55,5,2,-3,5,2,-3,5,2,-3,5,2,-3,5,2,-3
Siraha,Rautahat,66,56,363,526,163,363,526,163,363,526,163,363,526,163,363,526,163
Siraha,Rolpa,66,57,5,3,-2,5,3,-2,5,3,-2,5,3,-2,5,3,-2
Siraha,Rukum,66,58,4,7,3,4,7,3,4,7,3,4,7,3,4,7,3
Siraha,Rupandehi,66,59,120,150,30,120,150,30,120,150,30,120,150,30,120,150,30
Siraha,Salyan,66,60,6,10,4,6,10,4,6,10,4,6,10,4,6,10,4
Siraha,Sankhuwasabha,66,61,34,72,38,34,72,38,34,72,38,34,72,38,34,72,38
Siraha,Saptari,66,62,8852,12115,3263,8823,12081,3258,6978,9510,2532,6041,8245,2204,4999,6921,1922
Siraha,Sarlahi,66,63,1008,1515,507,1008,1515,507,1008,1515,507,1008,1515,507,1008,1515,507
Siraha,Sindhuli,66,64,560,824,264,560,824,264,560,824,264,495,697,202,357,520,163
Siraha,Sindhupalchok,66,65,26,36,10,26,36,10,26,36,10,26,36,10,26,36,10
Siraha,Siraha,66,66,0,0,0,0,0,0,0,0,0,0,0,0,0,0,0
Siraha,Solukhumbu,66,67,45,51,6,45,51,6,45,51,6,45,51,6,45,51,6
Siraha,Sunsari,66,68,1405,1780,375,1405,1780,375,1405,1780,375,1405,1780,375,1405,1780,375
Siraha,Surkhet,66,69,16,48,32,16,48,32,16,48,32,16,48,32,16,48,32
Siraha,Syangja,66,70,27,34,7,27,34,7,27,34,7,27,34,7,27,34,7
Siraha,Tanahu,66,71,41,60,19,41,60,19,41,60,19,41,60,19,41,60,19
Siraha,Taplejung,66,72,10,15,5,10,15,5,10,15,5,10,15,5,10,15,5
Siraha,Terhathum,66,73,24,30,6,24,30,6,24,30,6,24,30,6,24,30,6
Siraha,Udayapur,66,74,1658,1866,208,1658,1866,208,1588,1800,212,1172,1328,156,1007,1150,143
Solukhumbu,Achham,67,0,0,1,1,0,1,1,0,1,1,0,1,1,0,1,1
Solukhumbu,Arghakhanchi,67,1,2,3,1,2,3,1,2,3,1,2,3,1,2,3,1
Solukhumbu,Baglung,67,2,3,5,2,3,5,2,3,5,2,3,5,2,3,5,2
Solukhumbu,Baitadi,67,3,2,0,-2,2,0,-2,2,0,-2,2,0,-2,2,0,-2
Solukhumbu,Bajhang,67,4,0,1,1,0,1,1,0,1,1,0,1,1,0,1,1
Solukhumbu,Bajura,67,5,0,0,0,0,0,0,0,0,0,0,0,0,0,0,0
Solukhumbu,Banke,67,6,7,20,13,7,20,13,7,20,13,7,20,13,7,20,13
Solukhumbu,Bara,67,7,12,17,5,12,17,5,12,17,5,12,17,5,12,17,5
Solukhumbu,Bardiya,67,8,7,22,15,7,22,15,7,22,15,7,22,15,7,22,15
Solukhumbu,Bhaktapur,67,9,0,0,0,0,0,0,0,0,0,0,0,0,0,0,0
Solukhumbu,Bhojpur,67,10,18,37,19,18,37,19,18,37,19,18,37,19,18,37,19
Solukhumbu,Chitawan,67,11,17,32,15,17,32,15,17,32,15,17,32,15,17,32,15
Solukhumbu,Dadeldhura,67,12,0,1,1,0,1,1,0,1,1,0,1,1,0,1,1
Solukhumbu,Dailekh,67,13,1,2,1,1,2,1,1,2,1,1,2,1,1,2,1
Solukhumbu,Dang,67,14,8,13,5,8,13,5,8,13,5,8,13,5,8,13,5
Solukhumbu,Darchula,67,15,0,0,0,0,0,0,0,0,0,0,0,0,0,0,0
Solukhumbu,Dhading,67,16,15,16,1,15,16,1,15,16,1,15,16,1,15,16,1
Solukhumbu,Dhankuta,67,17,19,34,15,19,34,15,19,34,15,19,34,15,19,34,15
Solukhumbu,Dhanusha,67,18,17,34,17,17,34,17,17,34,17,17,34,17,17,34,17
Solukhumbu,Dolakha,67,19,19,8,-11,19,8,-11,19,8,-11,19,8,-11,19,8,-11
Solukhumbu,Dolpa,67,20,0,0,0,0,0,0,0,0,0,0,0,0,0,0,0
Solukhumbu,Doti,67,21,0,2,2,0,2,2,0,2,2,0,2,2,0,2,2
Solukhumbu,Gorkha,67,22,20,50,30,20,50,30,20,50,30,20,50,30,20,50,30
Solukhumbu,Gulmi,67,23,1,4,3,1,4,3,1,4,3,1,4,3,1,4,3
Solukhumbu,Humla,67,24,1,0,-1,1,0,-1,1,0,-1,1,0,-1,1,0,-1
Solukhumbu,Ilam,67,25,16,33,17,16,33,17,16,33,17,16,33,17,16,33,17
Solukhumbu,Jajarkot,67,26,1,0,-1,1,0,-1,1,0,-1,1,0,-1,1,0,-1
Solukhumbu,Jhapa,67,27,57,127,70,57,127,70,57,127,70,57,127,70,57,127,70
Solukhumbu,Jumla,67,28,0,0,0,0,0,0,0,0,0,0,0,0,0,0,0
Solukhumbu,Kabhrepalanchok,67,29,30,67,37,30,67,37,30,67,37,30,67,37,30,67,37
Solukhumbu,Kailali,67,30,8,13,5,8,13,5,8,13,5,8,13,5,8,13,5
Solukhumbu,Kalikot,67,31,0,0,0,0,0,0,0,0,0,0,0,0,0,0,0
Solukhumbu,Kanchanpur,67,32,0,14,14,0,14,14,0,14,14,0,14,14,0,14,14
Solukhumbu,Kapilbastu,67,33,1,1,0,1,1,0,1,1,0,1,1,0,1,1,0
Solukhumbu,Kaski,67,34,60,79,19,60,79,19,60,79,19,60,79,19,60,79,19
Solukhumbu,Kathmandu,67,35,1477,2113,636,1477,2113,636,1477,2113,636,1477,2113,636,1477,2113,636
Solukhumbu,Khotang,67,36,1394,2565,1171,1394,2565,1171,1394,2565,1171,897,1770,873,897,1770,873
Solukhumbu,Lalitpur,67,37,0,0,0,0,0,0,0,0,0,0,0,0,0,0,0
Solukhumbu,Lamjung,67,38,4,10,6,4,10,6,4,10,6,4,10,6,4,10,6
Solukhumbu,Mahottari,67,39,3,19,16,3,19,16,3,19,16,3,19,16,3,19,16
Solukhumbu,Makawanpur,67,40,14,31,17,14,31,17,14,31,17,14,31,17,14,31,17
Solukhumbu,Manang,67,41,0,0,0,0,0,0,0,0,0,0,0,0,0,0,0
Solukhumbu,Morang,67,42,109,220,111,109,220,111,109,220,111,109,220,111,109,220,111
Solukhumbu,Mugu,67,43,0,0,0,0,0,0,0,0,0,0,0,0,0,0,0
Solukhumbu,Mustang,67,44,2,3,1,2,3,1,2,3,1,2,3,1,2,3,1
Solukhumbu,Myagdi,67,45,1,3,2,1,3,2,1,3,2,1,3,2,1,3,2
Solukhumbu,Nawalparasi,67,46,10,18,8,10,18,8,10,18,8,10,18,8,10,18,8
Solukhumbu,Nuwakot,67,47,3,17,14,3,17,14,3,17,14,3,17,14,3,17,14
Solukhumbu,Okhaldhunga,67,48,213,447,234,213,447,234,213,447,234,144,293,149,62,185,123
Solukhumbu,Palpa,67,49,3,3,0,3,3,0,3,3,0,3,3,0,3,3,0
Solukhumbu,Panchthar,67,50,3,17,14,3,17,14,3,17,14,3,17,14,3,17,14
Solukhumbu,Parbat,67,51,1,7,6,1,7,6,1,7,6,1,7,6,1,7,6
Solukhumbu,Parsa,67,52,12,15,3,12,15,3,12,15,3,12,15,3,12,15,3
Solukhumbu,Pyuthan,67,53,0,1,1,0,1,1,0,1,1,0,1,1,0,1,1
Solukhumbu,Ramechhap,67,54,17,37,20,17,37,20,17,37,20,17,37,20,17,37,20
Solukhumbu,Rasuwa,67,55,2,2,0,2,2,0,2,2,0,2,2,0,2,2,0
Solukhumbu,Rautahat,67,56,4,14,10,4,14,10,4,14,10,4,14,10,4,14,10
Solukhumbu,Rolpa,67,57,1,0,-1,1,0,-1,1,0,-1,1,0,-1,1,0,-1
Solukhumbu,Rukum,67,58,0,0,0,0,0,0,0,0,0,0,0,0,0,0,0
Solukhumbu,Rupandehi,67,59,10,27,17,10,27,17,10,27,17,10,27,17,10,27,17
Solukhumbu,Salyan,67,60,1,3,2,1,3,2,1,3,2,1,3,2,1,3,2
Solukhumbu,Sankhuwasabha,67,61,17,48,31,17,48,31,17,48,31,17,48,31,17,48,31
Solukhumbu,Saptari,67,62,38,63,25,38,63,25,38,63,25,38,63,25,38,63,25
Solukhumbu,Sarlahi,67,63,17,45,28,17,45,28,17,45,28,17,45,28,17,45,28
Solukhumbu,Sindhuli,67,64,42,56,14,42,56,14,42,56,14,42,56,14,42,56,14
Solukhumbu,Sindhupalchok,67,65,15,21,6,15,21,6,15,21,6,15,21,6,15,21,6
Solukhumbu,Siraha,67,66,34,52,18,34,52,18,34,52,18,34,52,18,34,52,18
Solukhumbu,Solukhumbu,67,67,0,0,0,0,0,0,0,0,0,0,0,0,0,0,0
Solukhumbu,Sunsari,67,68,160,352,192,160,352,192,160,352,192,160,352,192,160,352,192
Solukhumbu,Surkhet,67,69,4,6,2,4,6,2,4,6,2,4,6,2,4,6,2
Solukhumbu,Syangja,67,70,7,14,7,7,14,7,7,14,7,7,14,7,7,14,7
Solukhumbu,Tanahu,67,71,5,21,16,5,21,16,5,21,16,5,21,16,5,21,16
Solukhumbu,Taplejung,67,72,3,4,1,3,4,1,3,4,1,3,4,1,3,4,1
Solukhumbu,Terhathum,67,73,4,10,6,4,10,6,4,10,6,4,10,6,4,10,6
Solukhumbu,Udayapur,67,74,129,233,104,129,233,104,129,233,104,129,233,104,129,233,104
Sunsari,Achham,68,0,6,11,5,6,11,5,6,11,5,6,11,5,6,11,5
Sunsari,Arghakhanchi,68,1,16,35,19,16,35,19,16,35,19,16,35,19,16,35,19
Sunsari,Baglung,68,2,18,40,22,18,40,22,18,40,22,18,40,22,18,40,22
Sunsari,Baitadi,68,3,5,14,9,5,14,9,5,14,9,5,14,9,5,14,9
Sunsari,Bajhang,68,4,0,3,3,0,3,3,0,3,3,0,3,3,0,3,3
Sunsari,Bajura,68,5,0,1,1,0,1,1,0,1,1,0,1,1,0,1,1
Sunsari,Banke,68,6,108,171,63,108,171,63,108,171,63,108,171,63,108,171,63
Sunsari,Bara,68,7,414,581,167,414,581,167,414,581,167,414,581,167,414,581,167
Sunsari,Bardiya,68,8,78,109,31,78,109,31,78,109,31,78,109,31,78,109,31
Sunsari,Bhaktapur,68,9,0,0,0,0,0,0,0,0,0,0,0,0,0,0,0
Sunsari,Bhojpur,68,10,1449,2133,684,1449,2133,684,1449,2133,684,1449,2133,684,1449,2133,684
Sunsari,Chitawan,68,11,585,972,387,585,972,387,585,972,387,585,972,387,585,972,387
Sunsari,Dadeldhura,68,12,9,14,5,9,14,5,9,14,5,9,14,5,9,14,5
Sunsari,Dailekh,68,13,15,23,8,15,23,8,15,23,8,15,23,8,15,23,8
Sunsari,Dang,68,14,169,261,92,169,261,92,169,261,92,169,261,92,169,261,92
Sunsari,Darchula,68,15,6,5,-1,6,5,-1,6,5,-1,6,5,-1,6,5,-1
Sunsari,Dhading,68,16,186,245,59,186,245,59,186,245,59,186,245,59,186,245,59
Sunsari,Dhankuta,68,17,4292,5855,1563,4292,5855,1563,4212,5784,1572,3903,5367,1464,3519,4832,1313
Sunsari,Dhanusha,68,18,717,1026,309,717,1026,309,717,1026,309,717,1026,309,717,1026,309
Sunsari,Dolakha,68,19,42,17,-25,42,17,-25,42,17,-25,42,17,-25,42,17,-25
Sunsari,Dolpa,68,20,2,3,1,2,3,1,2,3,1,2,3,1,2,3,1
Sunsari,Doti,68,21,5,11,6,5,11,6,5,11,6,5,11,6,5,11,6
Sunsari,Gorkha,68,22,125,263,138,125,263,138,125,263,138,125,263,138,125,263,138
Sunsari,Gulmi,68,23,20,44,24,20,44,24,20,44,24,20,44,24,20,44,24
Sunsari,Humla,68,24,0,2,2,0,2,2,0,2,2,0,2,2,0,2,2
Sunsari,Ilam,68,25,884,1170,286,884,1170,286,884,1170,286,884,1170,286,884,1170,286
Sunsari,Jajarkot,68,26,3,4,1,3,4,1,3,4,1,3,4,1,3,4,1
Sunsari,Jhapa,68,27,6368,8975,2607,6368,8975,2607,6368,8975,2607,6368,8975,2607,6368,8975,2607
Sunsari,Jumla,68,28,2,1,-1,2,1,-1,2,1,-1,2,1,-1,2,1,-1
Sunsari,Kabhrepalanchok,68,29,207,392,185,207,392,185,207,392,185,207,392,185,207,392,185
Sunsari,Kailali,68,30,141,236,95,141,236,95,141,236,95,141,236,95,141,236,95
Sunsari,Kalikot,68,31,0,1,1,0,1,1,0,1,1,0,1,1,0,1,1
Sunsari,Kanchanpur,68,32,67,93,26,67,93,26,67,93,26,67,93,26,67,93,26
Sunsari,Kapilbastu,68,33,76,111,35,76,111,35,76,111,35,76,111,35,76,111,35
Sunsari,Kaski,68,34,499,668,169,499,668,169,499,668,169,499,668,169,499,668,169
Sunsari,Kathmandu,68,35,9713,10795,1082,9713,10795,1082,9713,10795,1082,9713,10795,1082,9713,10795,1082
Sunsari,Khotang,68,36,665,1123,458,665,1123,458,665,1123,458,665,1123,458,665,1123,458
Sunsari,Lalitpur,68,37,0,0,0,0,0,0,0,0,0,0,0,0,0,0,0
Sunsari,Lamjung,68,38,33,98,65,33,98,65,33,98,65,33,98,65,33,98,65
Sunsari,Mahottari,68,39,286,463,177,286,463,177,286,463,177,286,463,177,286,463,177
Sunsari,Makawanpur,68,40,358,617,259,358,617,259,358,617,259,358,617,259,358,617,259
Sunsari,Manang,68,41,1,2,1,1,2,1,1,2,1,1,2,1,1,2,1
Sunsari,Morang,68,42,27478,36145,8667,26596,35098,8502,22010,29368,7358,17825,23910,6085,14204,19088,4884
Sunsari,Mugu,68,43,0,1,1,0,1,1,0,1,1,0,1,1,0,1,1
Sunsari,Mustang,68,44,1,9,8,1,9,8,1,9,8,1,9,8,1,9,8
Sunsari,Myagdi,68,45,9,18,9,9,18,9,9,18,9,9,18,9,9,18,9
Sunsari,Nawalparasi,68,46,170,280,110,170,280,110,170,280,110,170,280,110,170,280,110
Sunsari,Nuwakot,68,47,67,83,16,67,83,16,67,83,16,67,83,16,67,83,16
Sunsari,Okhaldhunga,68,48,118,223,105,118,223,105,118,223,105,118,223,105,118,223,105
Sunsari,Palpa,68,49,33,58,25,33,58,25,33,58,25,33,58,25,33,58,25
Sunsari,Panchthar,68,50,831,928,97,831,928,97,831,928,97,831,928,97,831,928,97
Sunsari,Parbat,68,51,15,47,32,15,47,32,15,47,32,15,47,32,15,47,32
Sunsari,Parsa,68,52,338,465,127,338,465,127,338,465,127,338,465,127,338,465,127
Sunsari,Pyuthan,68,53,16,22,6,16,22,6,16,22,6,16,22,6,16,22,6
Sunsari,Ramechhap,68,54,19,49,30,19,49,30,19,49,30,19,49,30,19,49,30
Sunsari,Rasuwa,68,55,9,5,-4,9,5,-4,9,5,-4,9,5,-4,9,5,-4
Sunsari,Rautahat,68,56,212,357,145,212,357,145,212,357,145,212,357,145,212,357,145
Sunsari,Rolpa,68,57,5,10,5,5,10,5,5,10,5,5,10,5,5,10,5
Sunsari,Rukum,68,58,7,13,6,7,13,6,7,13,6,7,13,6,7,13,6
Sunsari,Rupandehi,68,59,275,433,158,275,433,158,275,433,158,275,433,158,275,433,158
Sunsari,Salyan,68,60,16,22,6,16,22,6,16,22,6,16,22,6,16,22,6
Sunsari,Sankhuwasabha,68,61,1656,2420,764,1656,2420,764,1656,2420,764,1656,2420,764,1656,2420,764
Sunsari,Saptari,68,62,5031,7437,2406,5031,7437,2406,4892,7278,2386,4700,7016,2316,4244,6327,2083
Sunsari,Sarlahi,68,63,431,740,309,431,740,309,431,740,309,431,740,309,431,740,309
Sunsari,Sindhuli,68,64,193,312,119,193,312,119,193,312,119,193,312,119,193,312,119
Sunsari,Sindhupalchok,68,65,61,85,24,61,85,24,61,85,24,61,85,24,61,85,24
Sunsari,Siraha,68,66,1180,1804,624,1180,1804,624,1180,1804,624,1180,1804,624,1180,1804,624
Sunsari,Solukhumbu,68,67,188,302,114,188,302,114,188,302,114,188,302,114,188,302,114
Sunsari,Sunsari,68,68,0,0,0,0,0,0,0,0,0,0,0,0,0,0,0
Sunsari,Surkhet,68,69,74,104,30,74,104,30,74,104,30,74,104,30,74,104,30
Sunsari,Syangja,68,70,56,103,47,56,103,47,56,103,47,56,103,47,56,103,47
Sunsari,Tanahu,68,71,132,196,64,132,196,64,132,196,64,132,196,64,132,196,64
Sunsari,Taplejung,68,72,286,329,43,286,329,43,286,329,43,286,329,43,286,329,43
Sunsari,Terhathum,68,73,943,1317,374,943,1317,374,943,1317,374,943,1317,374,943,1317,374
Sunsari,Udayapur,68,74,3588,4674,1086,3588,4674,1086,3314,4385,1071,3021,3964,943,2610,3537,927
Surkhet,Achham,69,0,145,191,46,145,191,46,145,191,46,145,191,46,124,168,44
Surkhet,Arghakhanchi,69,1,32,81,49,32,81,49,32,81,49,32,81,49,32,81,49
Surkhet,Baglung,69,2,26,49,23,26,49,23,26,49,23,26,49,23,26,49,23
Surkhet,Baitadi,69,3,19,29,10,19,29,10,19,29,10,19,29,10,19,29,10
Surkhet,Bajhang,69,4,0,0,0,0,0,0,0,0,0,0,0,0,0,0,0
Surkhet,Bajura,69,5,2,6,4,2,6,4,2,6,4,2,6,4,2,6,4
Surkhet,Banke,69,6,2719,4094,1375,2719,4094,1375,2719,4094,1375,2719,4094,1375,2665,4006,1341
Surkhet,Bara,69,7,46,112,66,46,112,66,46,112,66,46,112,66,46,112,66
Surkhet,Bardiya,69,8,1215,2190,975,1215,2190,975,1215,2190,975,1197,2151,954,1194,2143,949
Surkhet,Bhaktapur,69,9,0,0,0,0,0,0,0,0,0,0,0,0,0,0,0
Surkhet,Bhojpur,69,10,7,9,2,7,9,2,7,9,2,7,9,2,7,9,2
Surkhet,Chitawan,69,11,123,210,87,123,210,87,123,210,87,123,210,87,123,210,87
Surkhet,Dadeldhura,69,12,21,26,5,21,26,5,21,26,5,21,26,5,21,26,5
Surkhet,Dailekh,69,13,2159,3520,1361,2159,3520,1361,1775,2940,1165,1726,2879,1153,1396,2325,929
Surkhet,Dang,69,14,383,557,174,383,557,174,383,557,174,383,557,174,383,557,174
Surkhet,Darchula,69,15,8,6,-2,8,6,-2,8,6,-2,8,6,-2,8,6,-2
Surkhet,Dhading,69,16,30,69,39,30,69,39,30,69,39,30,69,39,30,69,39
Surkhet,Dhankuta,69,17,18,32,14,18,32,14,18,32,14,18,32,14,18,32,14
Surkhet,Dhanusha,69,18,41,63,22,41,63,22,41,63,22,41,63,22,41,63,22
Surkhet,Dolakha,69,19,7,3,-4,7,3,-4,7,3,-4,7,3,-4,7,3,-4
Surkhet,Dolpa,69,20,6,12,6,6,12,6,6,12,6,6,12,6,6,12,6
Surkhet,Doti,69,21,19,32,13,19,32,13,19,32,13,19,32,13,19,32,13
Surkhet,Gorkha,69,22,38,106,68,38,106,68,38,106,68,38,106,68,38,106,68
Surkhet,Gulmi,69,23,18,37,19,18,37,19,18,37,19,18,37,19,18,37,19
Surkhet,Humla,69,24,14,21,7,14,21,7,14,21,7,14,21,7,14,21,7
Surkhet,Ilam,69,25,24,40,16,24,40,16,24,40,16,24,40,16,24,40,16
Surkhet,Jajarkot,69,26,269,422,153,269,422,153,269,422,153,269,422,153,180,321,141
Surkhet,Jhapa,69,27,48,73,25,48,73,25,48,73,25,48,73,25,48,73,25
Surkhet,Jumla,69,28,35,49,14,35,49,14,35,49,14,35,49,14,35,49,14
Surkhet,Kabhrepalanchok,69,29,51,86,35,51,86,35,51,86,35,51,86,35,51,86,35
Surkhet,Kailali,69,30,371,767,396,371,767,396,371,767,396,371,767,396,371,767,396
Surkhet,Kalikot,69,31,33,73,40,33,73,40,33,73,40,33,73,40,33,73,40
Surkhet,Kanchanpur,69,32,186,302,116,186,302,116,186,302,116,186,302,116,186,302,116
Surkhet,Kapilbastu,69,33,73,124,51,73,124,51,73,124,51,73,124,51,73,124,51
Surkhet,Kaski,69,34,105,163,58,105,163,58,105,163,58,105,163,58,105,163,58
Surkhet,Kathmandu,69,35,1215,1392,177,1215,1392,177,1215,1392,177,1215,1392,177,1215,1392,177
Surkhet,Khotang,69,36,7,10,3,7,10,3,7,10,3,7,10,3,7,10,3
Surkhet,Lalitpur,69,37,0,0,0,0,0,0,0,0,0,0,0,0,0,0,0
Surkhet,Lamjung,69,38,10,28,18,10,28,18,10,28,18,10,28,18,10,28,18
Surkhet,Mahottari,69,39,45,53,8,45,53,8,45,53,8,45,53,8,45,53,8
Surkhet,Makawanpur,69,40,60,89,29,60,89,29,60,89,29,60,89,29,60,89,29
Surkhet,Manang,69,41,0,0,0,0,0,0,0,0,0,0,0,0,0,0,0
Surkhet,Morang,69,42,61,104,43,61,104,43,61,104,43,61,104,43,61,104,43
Surkhet,Mugu,69,43,14,32,18,14,32,18,14,32,18,14,32,18,14,32,18
Surkhet,Mustang,69,44,6,6,0,6,6,0,6,6,0,6,6,0,6,6,0
Surkhet,Myagdi,69,45,6,13,7,6,13,7,6,13,7,6,13,7,6,13,7
Surkhet,Nawalparasi,69,46,82,148,66,82,148,66,82,148,66,82,148,66,82,148,66
Surkhet,Nuwakot,69,47,20,36,16,20,36,16,20,36,16,20,36,16,20,36,16
Surkhet,Okhaldhunga,69,48,5,4,-1,5,4,-1,5,4,-1,5,4,-1,5,4,-1
Surkhet,Palpa,69,49,26,46,20,26,46,20,26,46,20,26,46,20,26,46,20
Surkhet,Panchthar,69,50,8,22,14,8,22,14,8,22,14,8,22,14,8,22,14
Surkhet,Parbat,69,51,10,17,7,10,17,7,10,17,7,10,17,7,10,17,7
Surkhet,Parsa,69,52,44,81,37,44,81,37,44,81,37,44,81,37,44,81,37
Surkhet,Pyuthan,69,53,30,50,20,30,50,20,30,50,20,30,50,20,30,50,20
Surkhet,Ramechhap,69,54,4,7,3,4,7,3,4,7,3,4,7,3,4,7,3
Surkhet,Rasuwa,69,55,2,3,1,2,3,1,2,3,1,2,3,1,2,3,1
Surkhet,Rautahat,69,56,30,57,27,30,57,27,30,57,27,30,57,27,30,57,27
Surkhet,Rolpa,69,57,36,48,12,36,48,12,36,48,12,36,48,12,36,48,12
Surkhet,Rukum,69,58,124,254,130,124,254,130,124,254,130,124,254,130,124,254,130
Surkhet,Rupandehi,69,59,165,262,97,165,262,97,165,262,97,165,262,97,165,262,97
Surkhet,Salyan,69,60,654,1240,586,654,1240,586,654,1240,586,489,909,420,377,697,320
Surkhet,Sankhuwasabha,69,61,4,12,8,4,12,8,4,12,8,4,12,8,4,12,8
Surkhet,Saptari,69,62,33,54,21,33,54,21,33,54,21,33,54,21,33,54,21
Surkhet,Sarlahi,69,63,27,42,15,27,42,15,27,42,15,27,42,15,27,42,15
Surkhet,Sindhuli,69,64,28,70,42,28,70,42,28,70,42,28,70,42,28,70,42
Surkhet,Sindhupalchok,69,65,13,23,10,13,23,10,13,23,10,13,23,10,13,23,10
Surkhet,Siraha,69,66,22,36,14,22,36,14,22,36,14,22,36,14,22,36,14
Surkhet,Solukhumbu,69,67,4,6,2,4,6,2,4,6,2,4,6,2,4,6,2
Surkhet,Sunsari,69,68,83,117,34,83,117,34,83,117,34,83,117,34,83,117,34
Surkhet,Surkhet,69,69,0,0,0,0,0,0,0,0,0,0,0,0,0,0,0
Surkhet,Syangja,69,70,30,54,24,30,54,24,30,54,24,30,54,24,30,54,24
Surkhet,Tanahu,69,71,42,71,29,42,71,29,42,71,29,42,71,29,42,71,29
Surkhet,Taplejung,69,72,1,5,4,1,5,4,1,5,4,1,5,4,1,5,4
Surkhet,Terhathum,69,73,7,7,0,7,7,0,7,7,0,7,7,0,7,7,0
Surkhet,Udayapur,69,74,20,29,9,20,29,9,20,29,9,20,29,9,20,29,9
Syangja,Achham,70,0,2,1,-1,2,1,-1,2,1,-1,2,1,-1,2,1,-1
Syangja,Arghakhanchi,70,1,75,137,62,75,137,62,75,137,62,75,137,62,71,129,58
Syangja,Baglung,70,2,283,415,132,283,415,132,283,415,132,281,409,128,227,354,127
Syangja,Baitadi,70,3,5,10,5,5,10,5,5,10,5,5,10,5,5,10,5
Syangja,Bajhang,70,4,0,2,2,0,2,2,0,2,2,0,2,2,0,2,2
Syangja,Bajura,70,5,0,1,1,0,1,1,0,1,1,0,1,1,0,1,1
Syangja,Banke,70,6,92,146,54,92,146,54,92,146,54,92,146,54,92,146,54
Syangja,Bara,70,7,105,181,76,105,181,76,105,181,76,105,181,76,105,181,76
Syangja,Bardiya,70,8,95,166,71,95,166,71,95,166,71,95,166,71,95,166,71
Syangja,Bhaktapur,70,9,0,0,0,0,0,0,0,0,0,0,0,0,0,0,0
Syangja,Bhojpur,70,10,5,12,7,5,12,7,5,12,7,5,12,7,5,12,7
Syangja,Chitawan,70,11,596,835,239,596,835,239,596,835,239,596,835,239,596,835,239
Syangja,Dadeldhura,70,12,5,6,1,5,6,1,5,6,1,5,6,1,5,6,1
Syangja,Dailekh,70,13,9,29,20,9,29,20,9,29,20,9,29,20,9,29,20
Syangja,Dang,70,14,117,191,74,117,191,74,117,191,74,117,191,74,117,191,74
Syangja,Darchula,70,15,6,7,1,6,7,1,6,7,1,6,7,1,6,7,1
Syangja,Dhading,70,16,88,136,48,88,136,48,88,136,48,88,136,48,88,136,48
Syangja,Dhankuta,70,17,22,19,-3,22,19,-3,22,19,-3,22,19,-3,22,19,-3
Syangja,Dhanusha,70,18,20,33,13,20,33,13,20,33,13,20,33,13,20,33,13
Syangja,Dolakha,70,19,9,7,-2,9,7,-2,9,7,-2,9,7,-2,9,7,-2
Syangja,Dolpa,70,20,1,1,0,1,1,0,1,1,0,1,1,0,1,1,0
Syangja,Doti,70,21,5,17,12,5,17,12,5,17,12,5,17,12,5,17,12
Syangja,Gorkha,70,22,214,357,143,214,357,143,214,357,143,214,357,143,214,357,143
Syangja,Gulmi,70,23,1032,1550,518,1032,1550,518,991,1465,474,746,1108,362,345,534,189
Syangja,Humla,70,24,1,3,2,1,3,2,1,3,2,1,3,2,1,3,2
Syangja,Ilam,70,25,22,27,5,22,27,5,22,27,5,22,27,5,22,27,5
Syangja,Jajarkot,70,26,1,7,6,1,7,6,1,7,6,1,7,6,1,7,6
Syangja,Jhapa,70,27,76,133,57,76,133,57,76,133,57,76,133,57,76,133,57
Syangja,Jumla,70,28,0,1,1,0,1,1,0,1,1,0,1,1,0,1,1
Syangja,Kabhrepalanchok,70,29,30,93,63,30,93,63,30,93,63,30,93,63,30,93,63
Syangja,Kailali,70,30,70,96,26,70,96,26,70,96,26,70,96,26,70,96,26
Syangja,Kalikot,70,31,1,1,0,1,1,0,1,1,0,1,1,0,1,1,0
Syangja,Kanchanpur,70,32,47,63,16,47,63,16,47,63,16,47,63,16,47,63,16
Syangja,Kapilbastu,70,33,295,469,174,295,469,174,295,469,174,295,469,174,295,469,174
Syangja,Kaski,70,34,7720,8749,1029,7659,8678,1019,6939,7915,976,6131,7005,874,3689,4211,522
Syangja,Kathmandu,70,35,2004,1770,-234,2004,1770,-234,2004,1770,-234,2004,1770,-234,2004,1770,-234
Syangja,Khotang,70,36,5,23,18,5,23,18,5,23,18,5,23,18,5,23,18
Syangja,Lalitpur,70,37,0,0,0,0,0,0,0,0,0,0,0,0,0,0,0
Syangja,Lamjung,70,38,108,200,92,108,200,92,108,200,92,108,200,92,108,200,92
Syangja,Mahottari,70,39,26,33,7,26,33,7,26,33,7,26,33,7,26,33,7
Syangja,Makawanpur,70,40,81,127,46,81,127,46,81,127,46,81,127,46,81,127,46
Syangja,Manang,70,41,2,8,6,2,8,6,2,8,6,2,8,6,2,8,6
Syangja,Morang,70,42,71,111,40,71,111,40,71,111,40,71,111,40,71,111,40
Syangja,Mugu,70,43,0,0,0,0,0,0,0,0,0,0,0,0,0,0,0
Syangja,Mustang,70,44,19,18,-1,19,18,-1,19,18,-1,19,18,-1,19,18,-1
Syangja,Myagdi,70,45,44,85,41,44,85,41,44,85,41,44,85,41,44,85,41
Syangja,Nawalparasi,70,46,1375,2000,625,1375,2000,625,1375,2000,625,1375,2000,625,1375,2000,625
Syangja,Nuwakot,70,47,17,34,17,17,34,17,17,34,17,17,34,17,17,34,17
Syangja,Okhaldhunga,70,48,3,7,4,3,7,4,3,7,4,3,7,4,3,7,4
Syangja,Palpa,70,49,4236,5341,1105,3835,4883,1048,2461,3426,965,1321,1897,576,744,1080,336
Syangja,Panchthar,70,50,13,31,18,13,31,18,13,31,18,13,31,18,13,31,18
Syangja,Parbat,70,51,542,810,268,542,810,268,410,601,191,385,566,181,272,400,128
Syangja,Parsa,70,52,76,158,82,76,158,82,76,158,82,76,158,82,76,158,82
Syangja,Pyuthan,70,53,17,33,16,17,33,16,17,33,16,17,33,16,17,33,16
Syangja,Ramechhap,70,54,5,9,4,5,9,4,5,9,4,5,9,4,5,9,4
Syangja,Rasuwa,70,55,4,1,-3,4,1,-3,4,1,-3,4,1,-3,4,1,-3
Syangja,Rautahat,70,56,69,71,2,69,71,2,69,71,2,69,71,2,69,71,2
Syangja,Rolpa,70,57,15,28,13,15,28,13,15,28,13,15,28,13,15,28,13
Syangja,Rukum,70,58,6,20,14,6,20,14,6,20,14,6,20,14,6,20,14
Syangja,Rupandehi,70,59,2513,3725,1212,2513,3725,1212,2513,3725,1212,2513,3725,1212,2513,3725,1212
Syangja,Salyan,70,60,30,30,0,30,30,0,30,30,0,30,30,0,30,30,0
Syangja,Sankhuwasabha,70,61,10,17,7,10,17,7,10,17,7,10,17,7,10,17,7
Syangja,Saptari,70,62,31,56,25,31,56,25,31,56,25,31,56,25,31,56,25
Syangja,Sarlahi,70,63,40,79,39,40,79,39,40,79,39,40,79,39,40,79,39
Syangja,Sindhuli,70,64,20,32,12,20,32,12,20,32,12,20,32,12,20,32,12
Syangja,Sindhupalchok,70,65,13,32,19,13,32,19,13,32,19,13,32,19,13,32,19
Syangja,Siraha,70,66,11,31,20,11,31,20,11,31,20,11,31,20,11,31,20
Syangja,Solukhumbu,70,67,7,14,7,7,14,7,7,14,7,7,14,7,7,14,7
Syangja,Sunsari,70,68,58,105,47,58,105,47,58,105,47,58,105,47,58,105,47
Syangja,Surkhet,70,69,22,55,33,22,55,33,22,55,33,22,55,33,22,55,33
Syangja,Syangja,70,70,0,0,0,0,0,0,0,0,0,0,0,0,0,0,0
Syangja,Tanahu,70,71,3882,5039,1157,3617,4694,1077,2291,3072,781,1560,2106,546,1205,1681,476
Syangja,Taplejung,70,72,2,1,-1,2,1,-1,2,1,-1,2,1,-1,2,1,-1
Syangja,Terhathum,70,73,3,5,2,3,5,2,3,5,2,3,5,2,3,5,2
Syangja,Udayapur,70,74,30,45,15,30,45,15,30,45,15,30,45,15,30,45,15
Tanahu,Achham,71,0,6,5,-1,6,5,-1,6,5,-1,6,5,-1,6,5,-1
Tanahu,Arghakhanchi,71,1,25,65,40,25,65,40,25,65,40,25,65,40,25,65,40
Tanahu,Baglung,71,2,135,203,68,135,203,68,135,203,68,135,203,68,135,203,68
Tanahu,Baitadi,71,3,7,9,2,7,9,2,7,9,2,7,9,2,7,9,2
Tanahu,Bajhang,71,4,2,1,-1,2,1,-1,2,1,-1,2,1,-1,2,1,-1
Tanahu,Bajura,71,5,1,1,0,1,1,0,1,1,0,1,1,0,1,1,0
Tanahu,Banke,71,6,111,146,35,111,146,35,111,146,35,111,146,35,111,146,35
Tanahu,Bara,71,7,385,556,171,385,556,171,385,556,171,385,556,171,385,556,171
Tanahu,Bardiya,71,8,79,158,79,79,158,79,79,158,79,79,158,79,79,158,79
Tanahu,Bhaktapur,71,9,0,0,0,0,0,0,0,0,0,0,0,0,0,0,0
Tanahu,Bhojpur,71,10,19,17,-2,19,17,-2,19,17,-2,19,17,-2,19,17,-2
Tanahu,Chitawan,71,11,3767,4796,1029,3767,4796,1029,3669,4696,1027,3557,4494,937,3425,4298,873
Tanahu,Dadeldhura,71,12,9,9,0,9,9,0,9,9,0,9,9,0,9,9,0
Tanahu,Dailekh,71,13,16,22,6,16,22,6,16,22,6,16,22,6,16,22,6
Tanahu,Dang,71,14,126,175,49,126,175,49,126,175,49,126,175,49,126,175,49
Tanahu,Darchula,71,15,12,9,-3,12,9,-3,12,9,-3,12,9,-3,12,9,-3
Tanahu,Dhading,71,16,329,451,122,329,451,122,329,451,122,329,451,122,329,451,122
Tanahu,Dhankuta,71,17,27,56,29,27,56,29,27,56,29,27,56,29,27,56,29
Tanahu,Dhanusha,71,18,68,87,19,68,87,19,68,87,19,68,87,19,68,87,19
Tanahu,Dolakha,71,19,21,5,-16,21,5,-16,21,5,-16,21,5,-16,21,5,-16
Tanahu,Dolpa,71,20,3,5,2,3,5,2,3,5,2,3,5,2,3,5,2
Tanahu,Doti,71,21,19,15,-4,19,15,-4,19,15,-4,19,15,-4,19,15,-4
Tanahu,Gorkha,71,22,4843,6629,1786,4843,6629,1786,2984,4479,1495,2051,3240,1189,1405,2350,945
Tanahu,Gulmi,71,23,49,80,31,49,80,31,49,80,31,49,80,31,49,80,31
Tanahu,Humla,71,24,0,0,0,0,0,0,0,0,0,0,0,0,0,0,0
Tanahu,Ilam,71,25,38,53,15,38,53,15,38,53,15,38,53,15,38,53,15
Tanahu,Jajarkot,71,26,7,6,-1,7,6,-1,7,6,-1,7,6,-1,7,6,-1
Tanahu,Jhapa,71,27,181,254,73,181,254,73,181,254,73,181,254,73,181,254,73
Tanahu,Jumla,71,28,2,0,-2,2,0,-2,2,0,-2,2,0,-2,2,0,-2
Tanahu,Kabhrepalanchok,71,29,104,160,56,104,160,56,104,160,56,104,160,56,104,160,56
Tanahu,Kailali,71,30,74,113,39,74,113,39,74,113,39,74,113,39,74,113,39
Tanahu,Kalikot,71,31,1,3,2,1,3,2,1,3,2,1,3,2,1,3,2
Tanahu,Kanchanpur,71,32,99,130,31,99,130,31,99,130,31,99,130,31,99,130,31
Tanahu,Kapilbastu,71,33,74,134,60,74,134,60,74,134,60,74,134,60,74,134,60
Tanahu,Kaski,71,34,9177,10528,1351,9061,10386,1325,8710,9959,1249,7679,8682,1003,6793,7854,1061
Tanahu,Kathmandu,71,35,4999,3967,-1032,4999,3967,-1032,4999,3967,-1032,4999,3967,-1032,4999,3967,-1032
Tanahu,Khotang,71,36,21,39,18,21,39,18,21,39,18,21,39,18,21,39,18
Tanahu,Lalitpur,71,37,0,0,0,0,0,0,0,0,0,0,0,0,0,0,0
Tanahu,Lamjung,71,38,3253,4223,970,3223,4185,962,2276,3027,751,1432,1890,458,858,1106,248
Tanahu,Mahottari,71,39,50,70,20,50,70,20,50,70,20,50,70,20,50,70,20
Tanahu,Makawanpur,71,40,295,481,186,295,481,186,295,481,186,295,481,186,295,481,186
Tanahu,Manang,71,41,11,17,6,11,17,6,11,17,6,11,17,6,11,17,6
Tanahu,Morang,71,42,134,204,70,134,204,70,134,204,70,134,204,70,134,204,70
Tanahu,Mugu,71,43,0,0,0,0,0,0,0,0,0,0,0,0,0,0,0
Tanahu,Mustang,71,44,20,26,6,20,26,6,20,26,6,20,26,6,20,26,6
Tanahu,Myagdi,71,45,76,130,54,76,130,54,76,130,54,76,130,54,76,130,54
Tanahu,Nawalparasi,71,46,3518,4486,968,3518,4486,968,3084,3923,839,2839,3619,780,2587,3311,724
Tanahu,Nuwakot,71,47,94,121,27,94,121,27,94,121,27,94,121,27,94,121,27
Tanahu,Okhaldhunga,71,48,7,7,0,7,7,0,7,7,0,7,7,0,7,7,0
Tanahu,Palpa,71,49,774,903,129,774,903,129,774,903,129,620,738,118,366,458,92
Tanahu,Panchthar,71,50,18,43,25,18,43,25,18,43,25,18,43,25,18,43,25
Tanahu,Parbat,71,51,179,206,27,179,206,27,179,206,27,179,206,27,179,206,27
Tanahu,Parsa,71,52,292,513,221,292,513,221,292,513,221,292,513,221,292,513,221
Tanahu,Pyuthan,71,53,22,34,12,22,34,12,22,34,12,22,34,12,22,34,12
Tanahu,Ramechhap,71,54,6,9,3,6,9,3,6,9,3,6,9,3,6,9,3
Tanahu,Rasuwa,71,55,12,8,-4,12,8,-4,12,8,-4,12,8,-4,12,8,-4
Tanahu,Rautahat,71,56,196,269,73,196,269,73,196,269,73,196,269,73,196,269,73
Tanahu,Rolpa,71,57,21,37,16,21,37,16,21,37,16,21,37,16,21,37,16
Tanahu,Rukum,71,58,12,21,9,12,21,9,12,21,9,12,21,9,12,21,9
Tanahu,Rupandehi,71,59,603,914,311,603,914,311,603,914,311,603,914,311,603,914,311
Tanahu,Salyan,71,60,21,33,12,21,33,12,21,33,12,21,33,12,21,33,12
Tanahu,Sankhuwasabha,71,61,16,26,10,16,26,10,16,26,10,16,26,10,16,26,10
Tanahu,Saptari,71,62,53,82,29,53,82,29,53,82,29,53,82,29,53,82,29
Tanahu,Sarlahi,71,63,140,265,125,140,265,125,140,265,125,140,265,125,140,265,125
Tanahu,Sindhuli,71,64,67,128,61,67,128,61,67,128,61,67,128,61,67,128,61
Tanahu,Sindhupalchok,71,65,43,70,27,43,70,27,43,70,27,43,70,27,43,70,27
Tanahu,Siraha,71,66,47,54,7,47,54,7,47,54,7,47,54,7,47,54,7
Tanahu,Solukhumbu,71,67,9,20,11,9,20,11,9,20,11,9,20,11,9,20,11
Tanahu,Sunsari,71,68,136,217,81,136,217,81,136,217,81,136,217,81,136,217,81
Tanahu,Surkhet,71,69,44,71,27,44,71,27,44,71,27,44,71,27,44,71,27
Tanahu,Syangja,71,70,3958,4947,989,3730,4622,892,2446,3016,570,1604,2037,433,1247,1592,345
Tanahu,Tanahu,71,71,0,0,0,0,0,0,0,0,0,0,0,0,0,0,0
Tanahu,Taplejung,71,72,2,10,8,2,10,8,2,10,8,2,10,8,2,10,8
Tanahu,Terhathum,71,73,8,13,5,8,13,5,8,13,5,8,13,5,8,13,5
Tanahu,Udayapur,71,74,69,123,54,69,123,54,69,123,54,69,123,54,69,123,54
Taplejung,Achham,72,0,0,0,0,0,0,0,0,0,0,0,0,0,0,0,0
Taplejung,Arghakhanchi,72,1,0,1,1,0,1,1,0,1,1,0,1,1,0,1,1
Taplejung,Baglung,72,2,1,2,1,1,2,1,1,2,1,1,2,1,1,2,1
Taplejung,Baitadi,72,3,0,0,0,0,0,0,0,0,0,0,0,0,0,0,0
Taplejung,Bajhang,72,4,0,0,0,0,0,0,0,0,0,0,0,0,0,0,0
Taplejung,Bajura,72,5,0,0,0,0,0,0,0,0,0,0,0,0,0,0,0
Taplejung,Banke,72,6,3,4,1,3,4,1,3,4,1,3,4,1,3,4,1
Taplejung,Bara,72,7,7,15,8,7,15,8,7,15,8,7,15,8,7,15,8
Taplejung,Bardiya,72,8,2,1,-1,2,1,-1,2,1,-1,2,1,-1,2,1,-1
Taplejung,Bhaktapur,72,9,0,0,0,0,0,0,0,0,0,0,0,0,0,0,0
Taplejung,Bhojpur,72,10,13,12,-1,13,12,-1,13,12,-1,13,12,-1,13,12,-1
Taplejung,Chitawan,72,11,10,18,8,10,18,8,10,18,8,10,18,8,10,18,8
Taplejung,Dadeldhura,72,12,0,1,1,0,1,1,0,1,1,0,1,1,0,1,1
Taplejung,Dailekh,72,13,1,0,-1,1,0,-1,1,0,-1,1,0,-1,1,0,-1
Taplejung,Dang,72,14,4,2,-2,4,2,-2,4,2,-2,4,2,-2,4,2,-2
Taplejung,Darchula,72,15,0,0,0,0,0,0,0,0,0,0,0,0,0,0,0
Taplejung,Dhading,72,16,8,5,-3,8,5,-3,8,5,-3,8,5,-3,8,5,-3
Taplejung,Dhankuta,72,17,36,55,19,36,55,19,36,55,19,36,55,19,36,55,19
Taplejung,Dhanusha,72,18,10,16,6,10,16,6,10,16,6,10,16,6,10,16,6
Taplejung,Dolakha,72,19,1,2,1,1,2,1,1,2,1,1,2,1,1,2,1
Taplejung,Dolpa,72,20,0,0,0,0,0,0,0,0,0,0,0,0,0,0,0
Taplejung,Doti,72,21,0,2,2,0,2,2,0,2,2,0,2,2,0,2,2
Taplejung,Gorkha,72,22,7,7,0,7,7,0,7,7,0,7,7,0,7,7,0
Taplejung,Gulmi,72,23,2,1,-1,2,1,-1,2,1,-1,2,1,-1,2,1,-1
Taplejung,Humla,72,24,0,0,0,0,0,0,0,0,0,0,0,0,0,0,0
Taplejung,Ilam,72,25,190,259,69,190,259,69,190,259,69,190,259,69,190,259,69
Taplejung,Jajarkot,72,26,0,0,0,0,0,0,0,0,0,0,0,0,0,0,0
Taplejung,Jhapa,72,27,851,1413,562,851,1413,562,851,1413,562,851,1413,562,851,1413,562
Taplejung,Jumla,72,28,0,0,0,0,0,0,0,0,0,0,0,0,0,0,0
Taplejung,Kabhrepalanchok,72,29,6,12,6,6,12,6,6,12,6,6,12,6,6,12,6
Taplejung,Kailali,72,30,5,8,3,5,8,3,5,8,3,5,8,3,5,8,3
Taplejung,Kalikot,72,31,0,0,0,0,0,0,0,0,0,0,0,0,0,0,0
Taplejung,Kanchanpur,72,32,1,4,3,1,4,3,1,4,3,1,4,3,1,4,3
Taplejung,Kapilbastu,72,33,1,2,1,1,2,1,1,2,1,1,2,1,1,2,1
Taplejung,Kaski,72,34,10,15,5,10,15,5,10,15,5,10,15,5,10,15,5
Taplejung,Kathmandu,72,35,341,489,148,341,489,148,341,489,148,341,489,148,341,489,148
Taplejung,Khotang,72,36,8,11,3,8,11,3,8,11,3,8,11,3,8,11,3
Taplejung,Lalitpur,72,37,0,0,0,0,0,0,0,0,0,0,0,0,0,0,0
Taplejung,Lamjung,72,38,1,3,2,1,3,2,1,3,2,1,3,2,1,3,2
Taplejung,Mahottari,72,39,4,10,6,4,10,6,4,10,6,4,10,6,4,10,6
Taplejung,Makawanpur,72,40,8,11,3,8,11,3,8,11,3,8,11,3,8,11,3
Taplejung,Manang,72,41,0,1,1,0,1,1,0,1,1,0,1,1,0,1,1
Taplejung,Morang,72,42,275,461,186,275,461,186,275,461,186,275,461,186,275,461,186
Taplejung,Mugu,72,43,0,0,0,0,0,0,0,0,0,0,0,0,0,0,0
Taplejung,Mustang,72,44,0,0,0,0,0,0,0,0,0,0,0,0,0,0,0
Taplejung,Myagdi,72,45,0,0,0,0,0,0,0,0,0,0,0,0,0,0,0
Taplejung,Nawalparasi,72,46,4,6,2,4,6,2,4,6,2,4,6,2,4,6,2
Taplejung,Nuwakot,72,47,3,4,1,3,4,1,3,4,1,3,4,1,3,4,1
Taplejung,Okhaldhunga,72,48,7,0,-7,7,0,-7,7,0,-7,7,0,-7,7,0,-7
Taplejung,Palpa,72,49,1,2,1,1,2,1,1,2,1,1,2,1,1,2,1
Taplejung,Panchthar,72,50,1336,2175,839,1336,2175,839,980,1640,660,622,1111,489,397,702,305
Taplejung,Parbat,72,51,2,2,0,2,2,0,2,2,0,2,2,0,2,2,0
Taplejung,Parsa,72,52,2,7,5,2,7,5,2,7,5,2,7,5,2,7,5
Taplejung,Pyuthan,72,53,0,2,2,0,2,2,0,2,2,0,2,2,0,2,2
Taplejung,Ramechhap,72,54,0,1,1,0,1,1,0,1,1,0,1,1,0,1,1
Taplejung,Rasuwa,72,55,1,0,-1,1,0,-1,1,0,-1,1,0,-1,1,0,-1
Taplejung,Rautahat,72,56,3,11,8,3,11,8,3,11,8,3,11,8,3,11,8
Taplejung,Rolpa,72,57,0,1,1,0,1,1,0,1,1,0,1,1,0,1,1
Taplejung,Rukum,72,58,0,0,0,0,0,0,0,0,0,0,0,0,0,0,0
Taplejung,Rupandehi,72,59,4,3,-1,4,3,-1,4,3,-1,4,3,-1,4,3,-1
Taplejung,Salyan,72,60,0,2,2,0,2,2,0,2,2,0,2,2,0,2,2
Taplejung,Sankhuwasabha,72,61,55,102,47,55,102,47,55,102,47,55,102,47,55,102,47
Taplejung,Saptari,72,62,32,36,4,32,36,4,32,36,4,32,36,4,32,36,4
Taplejung,Sarlahi,72,63,9,19,10,9,19,10,9,19,10,9,19,10,9,19,10
Taplejung,Sindhuli,72,64,5,8,3,5,8,3,5,8,3,5,8,3,5,8,3
Taplejung,Sindhupalchok,72,65,1,4,3,1,4,3,1,4,3,1,4,3,1,4,3
Taplejung,Siraha,72,66,11,20,9,11,20,9,11,20,9,11,20,9,11,20,9
Taplejung,Solukhumbu,72,67,2,6,4,2,6,4,2,6,4,2,6,4,2,6,4
Taplejung,Sunsari,72,68,259,520,261,259,520,261,259,520,261,259,520,261,259,520,261
Taplejung,Surkhet,72,69,1,7,6,1,7,6,1,7,6,1,7,6,1,7,6
Taplejung,Syangja,72,70,2,5,3,2,5,3,2,5,3,2,5,3,2,5,3
Taplejung,Tanahu,72,71,7,10,3,7,10,3,7,10,3,7,10,3,7,10,3
Taplejung,Taplejung,72,72,0,0,0,0,0,0,0,0,0,0,0,0,0,0,0
Taplejung,Terhathum,72,73,143,202,59,143,202,59,143,202,59,143,202,59,143,202,59
Taplejung,Udayapur,72,74,17,28,11,17,28,11,17,28,11,17,28,11,17,28,11
Terhathum,Achham,73,0,0,1,1,0,1,1,0,1,1,0,1,1,0,1,1
Terhathum,Arghakhanchi,73,1,3,3,0,3,3,0,3,3,0,3,3,0,3,3,0
Terhathum,Baglung,73,2,0,2,2,0,2,2,0,2,2,0,2,2,0,2,2
Terhathum,Baitadi,73,3,1,0,-1,1,0,-1,1,0,-1,1,0,-1,1,0,-1
Terhathum,Bajhang,73,4,0,0,0,0,0,0,0,0,0,0,0,0,0,0,0
Terhathum,Bajura,73,5,0,0,0,0,0,0,0,0,0,0,0,0,0,0,0
Terhathum,Banke,73,6,5,8,3,5,8,3,5,8,3,5,8,3,5,8,3
Terhathum,Bara,73,7,13,16,3,13,16,3,13,16,3,13,16,3,13,16,3
Terhathum,Bardiya,73,8,5,14,9,5,14,9,5,14,9,5,14,9,5,14,9
Terhathum,Bhaktapur,73,9,0,0,0,0,0,0,0,0,0,0,0,0,0,0,0
Terhathum,Bhojpur,73,10,105,156,51,105,156,51,105,156,51,105,156,51,105,156,51
Terhathum,Chitawan,73,11,25,37,12,25,37,12,25,37,12,25,37,12,25,37,12
Terhathum,Dadeldhura,73,12,3,3,0,3,3,0,3,3,0,3,3,0,3,3,0
Terhathum,Dailekh,73,13,0,5,5,0,5,5,0,5,5,0,5,5,0,5,5
Terhathum,Dang,73,14,10,7,-3,10,7,-3,10,7,-3,10,7,-3,10,7,-3
Terhathum,Darchula,73,15,0,0,0,0,0,0,0,0,0,0,0,0,0,0,0
Terhathum,Dhading,73,16,9,21,12,9,21,12,9,21,12,9,21,12,9,21,12
Terhathum,Dhankuta,73,17,1698,2218,520,1660,2153,493,1391,1786,395,978,1253,275,553,695,142
Terhathum,Dhanusha,73,18,18,23,5,18,23,5,18,23,5,18,23,5,18,23,5
Terhathum,Dolakha,73,19,4,3,-1,4,3,-1,4,3,-1,4,3,-1,4,3,-1
Terhathum,Dolpa,73,20,0,0,0,0,0,0,0,0,0,0,0,0,0,0,0
Terhathum,Doti,73,21,2,3,1,2,3,1,2,3,1,2,3,1,2,3,1
Terhathum,Gorkha,73,22,5,13,8,5,13,8,5,13,8,5,13,8,5,13,8
Terhathum,Gulmi,73,23,2,2,0,2,2,0,2,2,0,2,2,0,2,2,0
Terhathum,Humla,73,24,0,1,1,0,1,1,0,1,1,0,1,1,0,1,1
Terhathum,Ilam,73,25,275,355,80,275,355,80,275,355,80,275,355,80,275,355,80
Terhathum,Jajarkot,73,26,0,1,1,0,1,1,0,1,1,0,1,1,0,1,1
Terhathum,Jhapa,73,27,852,1221,369,852,1221,369,852,1221,369,852,1221,369,852,1221,369
Terhathum,Jumla,73,28,0,0,0,0,0,0,0,0,0,0,0,0,0,0,0
Terhathum,Kabhrepalanchok,73,29,14,23,9,14,23,9,14,23,9,14,23,9,14,23,9
Terhathum,Kailali,73,30,15,11,-4,15,11,-4,15,11,-4,15,11,-4,15,11,-4
Terhathum,Kalikot,73,31,0,1,1,0,1,1,0,1,1,0,1,1,0,1,1
Terhathum,Kanchanpur,73,32,5,6,1,5,6,1,5,6,1,5,6,1,5,6,1
Terhathum,Kapilbastu,73,33,2,11,9,2,11,9,2,11,9,2,11,9,2,11,9
Terhathum,Kaski,73,34,24,50,26,24,50,26,24,50,26,24,50,26,24,50,26
Terhathum,Kathmandu,73,35,495,656,161,495,656,161,495,656,161,495,656,161,495,656,161
Terhathum,Khotang,73,36,8,23,15,8,23,15,8,23,15,8,23,15,8,23,15
Terhathum,Lalitpur,73,37,0,0,0,0,0,0,0,0,0,0,0,0,0,0,0
Terhathum,Lamjung,73,38,2,7,5,2,7,5,2,7,5,2,7,5,2,7,5
Terhathum,Mahottari,73,39,12,11,-1,12,11,-1,12,11,-1,12,11,-1,12,11,-1
Terhathum,Makawanpur,73,40,22,30,8,22,30,8,22,30,8,22,30,8,22,30,8
Terhathum,Manang,73,41,0,0,0,0,0,0,0,0,0,0,0,0,0,0,0
Terhathum,Morang,73,42,1040,1380,340,1040,1380,340,1040,1380,340,1040,1380,340,1034,1375,341
Terhathum,Mugu,73,43,0,0,0,0,0,0,0,0,0,0,0,0,0,0,0
Terhathum,Mustang,73,44,0,1,1,0,1,1,0,1,1,0,1,1,0,1,1
Terhathum,Myagdi,73,45,1,3,2,1,3,2,1,3,2,1,3,2,1,3,2
Terhathum,Nawalparasi,73,46,7,16,9,7,16,9,7,16,9,7,16,9,7,16,9
Terhathum,Nuwakot,73,47,9,10,1,9,10,1,9,10,1,9,10,1,9,10,1
Terhathum,Okhaldhunga,73,48,4,3,-1,4,3,-1,4,3,-1,4,3,-1,4,3,-1
Terhathum,Palpa,73,49,1,5,4,1,5,4,1,5,4,1,5,4,1,5,4
Terhathum,Panchthar,73,50,2800,3145,345,2800,3145,345,2719,3008,289,1714,1951,237,998,1167,169
Terhathum,Parbat,73,51,2,2,0,2,2,0,2,2,0,2,2,0,2,2,0
Terhathum,Parsa,73,52,5,19,14,5,19,14,5,19,14,5,19,14,5,19,14
Terhathum,Pyuthan,73,53,0,6,6,0,6,6,0,6,6,0,6,6,0,6,6
Terhathum,Ramechhap,73,54,3,2,-1,3,2,-1,3,2,-1,3,2,-1,3,2,-1
Terhathum,Rasuwa,73,55,1,2,1,1,2,1,1,2,1,1,2,1,1,2,1
Terhathum,Rautahat,73,56,7,14,7,7,14,7,7,14,7,7,14,7,7,14,7
Terhathum,Rolpa,73,57,1,1,0,1,1,0,1,1,0,1,1,0,1,1,0
Terhathum,Rukum,73,58,0,1,1,0,1,1,0,1,1,0,1,1,0,1,1
Terhathum,Rupandehi,73,59,16,19,3,16,19,3,16,19,3,16,19,3,16,19,3
Terhathum,Salyan,73,60,1,2,1,1,2,1,1,2,1,1,2,1,1,2,1
Terhathum,Sankhuwasabha,73,61,359,466,107,359,466,107,316,422,106,256,337,81,237,317,80
Terhathum,Saptari,73,62,65,78,13,65,78,13,65,78,13,65,78,13,65,78,13
Terhathum,Sarlahi,73,63,15,20,5,15,20,5,15,20,5,15,20,5,15,20,5
Terhathum,Sindhuli,73,64,7,14,7,7,14,7,7,14,7,7,14,7,7,14,7
Terhathum,Sindhupalchok,73,65,3,3,0,3,3,0,3,3,0,3,3,0,3,3,0
Terhathum,Siraha,73,66,18,32,14,18,32,14,18,32,14,18,32,14,18,32,14
Terhathum,Solukhumbu,73,67,5,8,3,5,8,3,5,8,3,5,8,3,5,8,3
Terhathum,Sunsari,73,68,940,1351,411,940,1351,411,940,1351,411,940,1351,411,940,1351,411
Terhathum,Surkhet,73,69,7,13,6,7,13,6,7,13,6,7,13,6,7,13,6
Terhathum,Syangja,73,70,9,4,-5,9,4,-5,9,4,-5,9,4,-5,9,4,-5
Terhathum,Tanahu,73,71,5,16,11,5,16,11,5,16,11,5,16,11,5,16,11
Terhathum,Taplejung,73,72,132,187,55,132,187,55,132,187,55,132,187,55,132,187,55
Terhathum,Terhathum,73,73,0,0,0,0,0,0,0,0,0,0,0,0,0,0,0
Terhathum,Udayapur,73,74,38,78,40,38,78,40,38,78,40,38,78,40,38,78,40
Udayapur,Achham,74,0,4,3,-1,4,3,-1,4,3,-1,4,3,-1,4,3,-1
Udayapur,Arghakhanchi,74,1,9,15,6,9,15,6,9,15,6,9,15,6,9,15,6
Udayapur,Baglung,74,2,19,35,16,19,35,16,19,35,16,19,35,16,19,35,16
Udayapur,Baitadi,74,3,7,3,-4,7,3,-4,7,3,-4,7,3,-4,7,3,-4
Udayapur,Bajhang,74,4,0,0,0,0,0,0,0,0,0,0,0,0,0,0,0
Udayapur,Bajura,74,5,0,1,1,0,1,1,0,1,1,0,1,1,0,1,1
Udayapur,Banke,74,6,38,45,7,38,45,7,38,45,7,38,45,7,38,45,7
Udayapur,Bara,74,7,148,224,76,148,224,76,148,224,76,148,224,76,148,224,76
Udayapur,Bardiya,74,8,36,50,14,36,50,14,36,50,14,36,50,14,36,50,14
Udayapur,Bhaktapur,74,9,0,0,0,0,0,0,0,0,0,0,0,0,0,0,0
Udayapur,Bhojpur,74,10,158,271,113,158,271,113,158,271,113,158,271,113,158,271,113
Udayapur,Chitawan,74,11,212,311,99,212,311,99,212,311,99,212,311,99,212,311,99
Udayapur,Dadeldhura,74,12,4,2,-2,4,2,-2,4,2,-2,4,2,-2,4,2,-2
Udayapur,Dailekh,74,13,3,11,8,3,11,8,3,11,8,3,11,8,3,11,8
Udayapur,Dang,74,14,39,73,34,39,73,34,39,73,34,39,73,34,39,73,34
Udayapur,Darchula,74,15,0,2,2,0,2,2,0,2,2,0,2,2,0,2,2
Udayapur,Dhading,74,16,96,127,31,96,127,31,96,127,31,96,127,31,96,127,31
Udayapur,Dhankuta,74,17,555,895,340,555,895,340,433,692,259,395,642,247,282,432,150
Udayapur,Dhanusha,74,18,453,606,153,453,606,153,453,606,153,448,595,147,433,577,144
Udayapur,Dolakha,74,19,31,13,-18,31,13,-18,31,13,-18,31,13,-18,31,13,-18
Udayapur,Dolpa,74,20,0,0,0,0,0,0,0,0,0,0,0,0,0,0,0
Udayapur,Doti,74,21,5,8,3,5,8,3,5,8,3,5,8,3,5,8,3
Udayapur,Gorkha,74,22,60,116,56,60,116,56,60,116,56,60,116,56,60,116,56
Udayapur,Gulmi,74,23,9,28,19,9,28,19,9,28,19,9,28,19,9,28,19
Udayapur,Humla,74,24,1,1,0,1,1,0,1,1,0,1,1,0,1,1,0
Udayapur,Ilam,74,25,135,224,89,135,224,89,135,224,89,135,224,89,135,224,89
Udayapur,Jajarkot,74,26,2,5,3,2,5,3,2,5,3,2,5,3,2,5,3
Udayapur,Jhapa,74,27,942,1281,339,942,1281,339,942,1281,339,942,1281,339,942,1281,339
Udayapur,Jumla,74,28,1,0,-1,1,0,-1,1,0,-1,1,0,-1,1,0,-1
Udayapur,Kabhrepalanchok,74,29,111,170,59,111,170,59,111,170,59,111,170,59,111,170,59
Udayapur,Kailali,74,30,27,71,44,27,71,44,27,71,44,27,71,44,27,71,44
Udayapur,Kalikot,74,31,1,1,0,1,1,0,1,1,0,1,1,0,1,1,0
Udayapur,Kanchanpur,74,32,17,40,23,17,40,23,17,40,23,17,40,23,17,40,23
Udayapur,Kapilbastu,74,33,11,27,16,11,27,16,11,27,16,11,27,16,11,27,16
Udayapur,Kaski,74,34,286,425,139,286,425,139,286,425,139,286,425,139,286,425,139
Udayapur,Kathmandu,74,35,4373,4852,479,4373,4852,479,4373,4852,479,4373,4852,479,4373,4852,479
Udayapur,Khotang,74,36,855,1598,743,855,1598,743,855,1598,743,855,1598,743,834,1514,680
Udayapur,Lalitpur,74,37,0,0,0,0,0,0,0,0,0,0,0,0,0,0,0
Udayapur,Lamjung,74,38,24,26,2,24,26,2,24,26,2,24,26,2,24,26,2
Udayapur,Mahottari,74,39,218,327,109,218,327,109,218,327,109,218,327,109,218,327,109
Udayapur,Makawanpur,74,40,146,233,87,146,233,87,146,233,87,146,233,87,146,233,87
Udayapur,Manang,74,41,0,0,0,0,0,0,0,0,0,0,0,0,0,0,0
Udayapur,Morang,74,42,1858,2559,701,1858,2559,701,1858,2559,701,1858,2559,701,1858,2559,701
Udayapur,Mugu,74,43,2,1,-1,2,1,-1,2,1,-1,2,1,-1,2,1,-1
Udayapur,Mustang,74,44,0,4,4,0,4,4,0,4,4,0,4,4,0,4,4
Udayapur,Myagdi,74,45,10,16,6,10,16,6,10,16,6,10,16,6,10,16,6
Udayapur,Nawalparasi,74,46,66,103,37,66,103,37,66,103,37,66,103,37,66,103,37
Udayapur,Nuwakot,74,47,28,37,9,28,37,9,28,37,9,28,37,9,28,37,9
Udayapur,Okhaldhunga,74,48,130,474,344,130,474,344,130,474,344,130,474,344,107,246,139
Udayapur,Palpa,74,49,23,18,-5,23,18,-5,23,18,-5,23,18,-5,23,18,-5
Udayapur,Panchthar,74,50,71,102,31,71,102,31,71,102,31,71,102,31,71,102,31
Udayapur,Parbat,74,51,10,29,19,10,29,19,10,29,19,10,29,19,10,29,19
Udayapur,Parsa,74,52,82,128,46,82,128,46,82,128,46,82,128,46,82,128,46
Udayapur,Pyuthan,74,53,5,12,7,5,12,7,5,12,7,5,12,7,5,12,7
Udayapur,Ramechhap,74,54,15,32,17,15,32,17,15,32,17,15,32,17,15,32,17
Udayapur,Rasuwa,74,55,5,3,-2,5,3,-2,5,3,-2,5,3,-2,5,3,-2
Udayapur,Rautahat,74,56,90,127,37,90,127,37,90,127,37,90,127,37,90,127,37
Udayapur,Rolpa,74,57,4,9,5,4,9,5,4,9,5,4,9,5,4,9,5
Udayapur,Rukum,74,58,7,6,-1,7,6,-1,7,6,-1,7,6,-1,7,6,-1
Udayapur,Rupandehi,74,59,77,123,46,77,123,46,77,123,46,77,123,46,77,123,46
Udayapur,Salyan,74,60,6,12,6,6,12,6,6,12,6,6,12,6,6,12,6
Udayapur,Sankhuwasabha,74,61,130,205,75,130,205,75,130,205,75,130,205,75,130,205,75
Udayapur,Saptari,74,62,2725,4074,1349,2402,3529,1127,2087,3105,1018,1604,2375,771,1300,1920,620
Udayapur,Sarlahi,74,63,294,432,138,294,432,138,294,432,138,294,432,138,294,432,138
Udayapur,Sindhuli,74,64,679,1166,487,679,1166,487,679,1166,487,306,588,282,282,532,250
Udayapur,Sindhupalchok,74,65,33,46,13,33,46,13,33,46,13,33,46,13,33,46,13
Udayapur,Siraha,74,66,1349,2046,697,1349,2046,697,1297,1979,682,959,1544,585,814,1300,486
Udayapur,Solukhumbu,74,67,124,194,70,124,194,70,124,194,70,124,194,70,124,194,70
Udayapur,Sunsari,74,68,3673,5302,1629,3673,5302,1629,3425,4927,1502,3127,4489,1362,2686,3893,1207
Udayapur,Surkhet,74,69,19,26,7,19,26,7,19,26,7,19,26,7,19,26,7
Udayapur,Syangja,74,70,25,27,2,25,27,2,25,27,2,25,27,2,25,27,2
Udayapur,Tanahu,74,71,49,83,34,49,83,34,49,83,34,49,83,34,49,83,34
Udayapur,Taplejung,74,72,10,17,7,10,17,7,10,17,7,10,17,7,10,17,7
Udayapur,Terhathum,74,73,46,84,38,46,84,38,46,84,38,46,84,38,46,84,38
Udayapur,Udayapur,74,74,0,0,0,0,0,0,0,0,0,0,0,0,0,0,0
